[17, 1, 19, 5, 4, 0, 0, 0, 0, 0, 0, 0, 0, 0, 0]
[11, 31, 2, 0, 0, 0, 0, 0, 0, 0, 0, 0, 0, 0, 0]
[28, 7, 23, 17, 4, 0, 0, 0, 0, 0, 0, 0, 0, 0, 0]
[32, 7, 4, 4, 5, 4, 0, 0, 0, 0, 0, 0, 0, 0, 0]
[15, 23, 2, 5, 0, 0, 0, 0, 0, 0, 0, 0, 0, 0, 0]
[28, 7, 15, 17, 2, 0, 0, 0, 0, 0, 0, 0, 0, 0, 0]
[32, 3, 7, 24, 23, 5, 4, 0, 0, 0, 0, 0, 0, 0, 0]
[1, 23, 23, 5, 32, 1, 0, 0, 0, 0, 0, 0, 0, 0, 0]
[24, 18, 2, 29, 5, 14, 2, 0, 0, 0, 0, 0, 0, 0, 0]
[9, 2, 14, 3, 9, 5, 2, 0, 0, 0, 0, 0, 0, 0, 0]
[32, 2, 9, 4, 0, 0, 0, 0, 0, 0, 0, 0, 0, 0, 0]
[27, 31, 7, 26, 32, 7, 0, 0, 0, 0, 0, 0, 0, 0, 0]
[28, 7, 32, 28, 26, 2, 0, 0, 0, 0, 0, 0, 0, 0, 0]
[25, 3, 31, 9, 7, 0, 0, 0, 0, 0, 0, 0, 0, 0, 0]
[17, 3, 31, 5, 14, 2, 0, 0, 0, 0, 0, 0, 0, 0, 0]
[15, 5, 11, 17, 5, 0, 0, 0, 0, 0, 0, 0, 0, 0, 0]
[19, 3, 26, 3, 0, 0, 0, 0, 0, 0, 0, 0, 0, 0, 0]
[9, 5, 31, 23, 5, 0, 0, 0, 0, 0, 0, 0, 0, 0, 0]
[27, 1, 26, 31, 28, 0, 0, 0, 0, 0, 0, 0, 0, 0, 0]
[19, 10, 17, 28, 0, 0, 0, 0, 0, 0, 0, 0, 0, 0, 0]
[15, 7, 23, 0, 0, 0, 0, 0, 0, 0, 0, 0, 0, 0, 0]
[32, 2, 9, 10, 0, 0, 0, 0, 0, 0, 0, 0, 0, 0, 0]
[11, 15, 10, 7, 4, 0, 0, 0, 0, 0, 0, 0, 0, 0, 0]
[14, 2, 23, 31, 5, 29, 0, 0, 0, 0, 0, 0, 0, 0, 0]
[14, 2, 26, 5, 23, 0, 0, 0, 0, 0, 0, 0, 0, 0, 0]
[9, 29, 31, 17, 28, 0, 0, 0, 0, 0, 0, 0, 0, 0, 0]
[19, 5, 9, 5, 23, 2, 32, 0, 0, 0, 0, 0, 0, 0, 0]
[27, 3, 11, 2, 32, 0, 0, 0, 0, 0, 0, 0, 0, 0, 0]
[32, 3, 23, 19, 7, 4, 15, 7, 0, 0, 0, 0, 0, 0, 0]
[1, 9, 10, 5, 24, 0, 0, 0, 0, 0, 0, 0, 0, 0, 0]
[24, 7, 30, 32, 7, 23, 0, 0, 0, 0, 0, 0, 0, 0, 0]
[5, 9, 26, 2, 23, 19, 3, 0, 0, 0, 0, 0, 0, 0, 0]
[25, 1, 29, 19, 0, 0, 0, 0, 0, 0, 0, 0, 0, 0, 0]
[24, 4, 7, 32, 7, 23, 11, 32, 1, 0, 0, 0, 0, 0, 0]
[32, 7, 28, 23, 5, 0, 0, 0, 0, 0, 0, 0, 0, 0, 0]
[14, 30, 7, 0, 0, 0, 0, 0, 0, 0, 0, 0, 0, 0, 0]
[15, 4, 3, 31, 0, 0, 0, 0, 0, 0, 0, 0, 0, 0, 0]
[1, 9, 9, 5, 31, 0, 0, 0, 0, 0, 0, 0, 0, 0, 0]
[9, 4, 5, 14, 31, 28, 0, 0, 0, 0, 0, 0, 0, 0, 0]
[17, 9, 31, 0, 0, 0, 0, 0, 0, 0, 0, 0, 0, 0, 0]
[17, 9, 28, 18, 0, 0, 0, 0, 0, 0, 0, 0, 0, 0, 0]
[9, 15, 7, 31, 0, 0, 0, 0, 0, 0, 0, 0, 0, 0, 0]
[26, 30, 23, 19, 0, 0, 0, 0, 0, 0, 0, 0, 0, 0, 0]
[26, 4, 9, 10, 7, 0, 0, 0, 0, 0, 0, 0, 0, 0, 0]
[28, 23, 3, 32, 9, 5, 0, 0, 0, 0, 0, 0, 0, 0, 0]
[32, 28, 23, 32, 28, 23, 2, 0, 0, 0, 0, 0, 0, 0, 0]
[17, 33, 31, 5, 0, 0, 0, 0, 0, 0, 0, 0, 0, 0, 0]
[29, 4, 9, 2, 0, 0, 0, 0, 0, 0, 0, 0, 0, 0, 0]
[24, 7, 9, 28, 9, 7, 4, 0, 0, 0, 0, 0, 0, 0, 0]
[24, 5, 4, 5, 14, 33, 5, 0, 0, 0, 0, 0, 0, 0, 0]
[25, 5, 31, 7, 0, 0, 0, 0, 0, 0, 0, 0, 0, 0, 0]
[15, 11, 2, 29, 5, 0, 0, 0, 0, 0, 0, 0, 0, 0, 0]
[5, 32, 5, 14, 5, 23, 0, 0, 0, 0, 0, 0, 0, 0, 0]
[14, 17, 31, 28, 0, 0, 0, 0, 0, 0, 0, 0, 0, 0, 0]
[7, 18, 14, 33, 2, 32, 0, 0, 0, 0, 0, 0, 0, 0, 0]
[27, 32, 1, 23, 0, 0, 0, 0, 0, 0, 0, 0, 0, 0, 0]
[24, 7, 30, 31, 7, 0, 0, 0, 0, 0, 0, 0, 0, 0, 0]
[30, 10, 0, 0, 0, 0, 0, 0, 0, 0, 0, 0, 0, 0, 0]
[30, 26, 4, 0, 0, 0, 0, 0, 0, 0, 0, 0, 0, 0, 0]
[24, 7, 4, 5, 14, 2, 32, 0, 0, 0, 0, 0, 0, 0, 0]
[28, 10, 17, 5, 0, 0, 0, 0, 0, 0, 0, 0, 0, 0, 0]
[31, 7, 26, 7, 23, 11, 7, 0, 0, 0, 0, 0, 0, 0, 0]
[33, 18, 2, 0, 0, 0, 0, 0, 0, 0, 0, 0, 0, 0, 0]
[15, 7, 23, 7, 11, 7, 23, 0, 0, 0, 0, 0, 0, 0, 0]
[16, 7, 4, 4, 0, 0, 0, 0, 0, 0, 0, 0, 0, 0, 0]
[20, 29, 28, 23, 0, 0, 0, 0, 0, 0, 0, 0, 0, 0, 0]
[26, 7, 19, 31, 31, 7, 0, 0, 0, 0, 0, 0, 0, 0, 0]
[27, 33, 31, 7, 0, 0, 0, 0, 0, 0, 0, 0, 0, 0, 0]
[23, 2, 32, 2, 0, 0, 0, 0, 0, 0, 0, 0, 0, 0, 0]
[26, 2, 24, 7, 4, 18, 0, 0, 0, 0, 0, 0, 0, 0, 0]
[32, 33, 7, 32, 2, 0, 0, 0, 0, 0, 0, 0, 0, 0, 0]
[19, 1, 4, 0, 0, 0, 0, 0, 0, 0, 0, 0, 0, 0, 0]
[32, 5, 4, 7, 9, 7, 28, 0, 0, 0, 0, 0, 0, 0, 0]
[20, 4, 7, 23, 17, 0, 0, 0, 0, 0, 0, 0, 0, 0, 0]
[28, 7, 32, 1, 0, 0, 0, 0, 0, 0, 0, 0, 0, 0, 0]
[1, 24, 23, 9, 5, 2, 0, 0, 0, 0, 0, 0, 0, 0, 0]
[19, 2, 5, 14, 2, 0, 0, 0, 0, 0, 0, 0, 0, 0, 0]
[3, 24, 29, 5, 0, 0, 0, 0, 0, 0, 0, 0, 0, 0, 0]
[24, 1, 17, 2, 0, 0, 0, 0, 0, 0, 0, 0, 0, 0, 0]
[28, 4, 26, 5, 23, 0, 0, 0, 0, 0, 0, 0, 0, 0, 0]
[28, 7, 29, 31, 0, 0, 0, 0, 0, 0, 0, 0, 0, 0, 0]
[26, 19, 7, 4, 0, 0, 0, 0, 0, 0, 0, 0, 0, 0, 0]
[28, 9, 7, 4, 32, 1, 0, 0, 0, 0, 0, 0, 0, 0, 0]
[19, 24, 2, 29, 5, 0, 0, 0, 0, 0, 0, 0, 0, 0, 0]
[20, 7, 23, 29, 7, 0, 0, 0, 0, 0, 0, 0, 0, 0, 0]
[17, 7, 32, 7, 9, 0, 0, 0, 0, 0, 0, 0, 0, 0, 0]
[1, 14, 7, 31, 0, 0, 0, 0, 0, 0, 0, 0, 0, 0, 0]
[7, 19, 2, 9, 0, 0, 0, 0, 0, 0, 0, 0, 0, 0, 0]
[26, 7, 32, 26, 2, 0, 0, 0, 0, 0, 0, 0, 0, 0, 0]
[14, 2, 23, 17, 2, 17, 7, 0, 0, 0, 0, 0, 0, 0, 0]
[14, 7, 31, 2, 0, 0, 0, 0, 0, 0, 0, 0, 0, 0, 0]
[26, 29, 26, 7, 33, 4, 0, 0, 0, 0, 0, 0, 0, 0, 0]
[15, 23, 2, 23, 0, 0, 0, 0, 0, 0, 0, 0, 0, 0, 0]
[25, 17, 14, 2, 32, 0, 0, 0, 0, 0, 0, 0, 0, 0, 0]
[26, 7, 20, 6, 0, 0, 0, 0, 0, 0, 0, 0, 0, 0, 0]
[9, 19, 14, 5, 0, 0, 0, 0, 0, 0, 0, 0, 0, 0, 0]
[24, 18, 13, 14, 2, 0, 0, 0, 0, 0, 0, 0, 0, 0, 0]
[14, 7, 4, 3, 2, 27, 17, 2, 0, 0, 0, 0, 0, 0, 0]
[9, 4, 17, 31, 0, 0, 0, 0, 0, 0, 0, 0, 0, 0, 0]
[30, 32, 17, 1, 29, 0, 0, 0, 0, 0, 0, 0, 0, 0, 0]
[19, 3, 24, 17, 17, 0, 0, 0, 0, 0, 0, 0, 0, 0, 0]
[12, 5, 30, 7, 0, 0, 0, 0, 0, 0, 0, 0, 0, 0, 0]
[19, 7, 17, 30, 0, 0, 0, 0, 0, 0, 0, 0, 0, 0, 0]
[1, 31, 7, 27, 1, 17, 0, 0, 0, 0, 0, 0, 0, 0, 0]
[15, 7, 28, 2, 5, 0, 0, 0, 0, 0, 0, 0, 0, 0, 0]
[9, 7, 4, 5, 14, 31, 7, 0, 0, 0, 0, 0, 0, 0, 0]
[10, 7, 17, 7, 28, 0, 0, 0, 0, 0, 0, 0, 0, 0, 0]
[9, 7, 4, 5, 14, 33, 7, 0, 0, 0, 0, 0, 0, 0, 0]
[32, 28, 24, 7, 4, 9, 6, 0, 0, 0, 0, 0, 0, 0, 0]
[11, 7, 4, 3, 4, 0, 0, 0, 0, 0, 0, 0, 0, 0, 0]
[19, 4, 32, 17, 2, 0, 0, 0, 0, 0, 0, 0, 0, 0, 0]
[14, 7, 9, 28, 7, 9, 2, 0, 0, 0, 0, 0, 0, 0, 0]
[26, 31, 24, 7, 32, 0, 0, 0, 0, 0, 0, 0, 0, 0, 0]
[15, 2, 11, 11, 32, 0, 0, 0, 0, 0, 0, 0, 0, 0, 0]
[7, 26, 7, 32, 29, 6, 0, 0, 0, 0, 0, 0, 0, 0, 0]
[14, 2, 23, 31, 5, 0, 0, 0, 0, 0, 0, 0, 0, 0, 0]
[28, 19, 20, 5, 0, 0, 0, 0, 0, 0, 0, 0, 0, 0, 0]
[17, 9, 31, 5, 7, 0, 0, 0, 0, 0, 0, 0, 0, 0, 0]
[15, 32, 23, 5, 0, 0, 0, 0, 0, 0, 0, 0, 0, 0, 0]
[26, 5, 32, 2, 4, 27, 11, 0, 0, 0, 0, 0, 0, 0, 0]
[11, 7, 31, 2, 0, 0, 0, 0, 0, 0, 0, 0, 0, 0, 0]
[24, 4, 32, 0, 0, 0, 0, 0, 0, 0, 0, 0, 0, 0, 0]
[26, 2, 9, 31, 5, 0, 0, 0, 0, 0, 0, 0, 0, 0, 0]
[25, 5, 31, 23, 0, 0, 0, 0, 0, 0, 0, 0, 0, 0, 0]
[27, 31, 7, 26, 32, 2, 0, 0, 0, 0, 0, 0, 0, 0, 0]
[9, 28, 7, 23, 29, 0, 0, 0, 0, 0, 0, 0, 0, 0, 0]
[9, 7, 4, 5, 14, 5, 23, 0, 0, 0, 0, 0, 0, 0, 0]
[26, 29, 5, 24, 4, 0, 0, 0, 0, 0, 0, 0, 0, 0, 0]
[17, 5, 9, 7, 23, 0, 0, 0, 0, 0, 0, 0, 0, 0, 0]
[26, 2, 32, 1, 9, 2, 0, 0, 0, 0, 0, 0, 0, 0, 0]
[26, 32, 17, 3, 0, 0, 0, 0, 0, 0, 0, 0, 0, 0, 0]
[15, 2, 23, 2, 32, 17, 0, 0, 0, 0, 0, 0, 0, 0, 0]
[27, 8, 17, 2, 9, 0, 0, 0, 0, 0, 0, 0, 0, 0, 0]
[26, 24, 4, 5, 26, 24, 0, 0, 0, 0, 0, 0, 0, 0, 0]
[26, 7, 32, 1, 23, 7, 0, 0, 0, 0, 0, 0, 0, 0, 0]
[32, 5, 9, 7, 4, 0, 0, 0, 0, 0, 0, 0, 0, 0, 0]
[26, 9, 2, 17, 0, 0, 0, 0, 0, 0, 0, 0, 0, 0, 0]
[19, 5, 10, 26, 2, 0, 0, 0, 0, 0, 0, 0, 0, 0, 0]
[16, 3, 31, 7, 23, 17, 7, 0, 0, 0, 0, 0, 0, 0, 0]
[32, 3, 1, 20, 2, 23, 7, 17, 0, 0, 0, 0, 0, 0, 0]
[32, 32, 3, 4, 0, 0, 0, 0, 0, 0, 0, 0, 0, 0, 0]
[31, 7, 9, 10, 2, 0, 0, 0, 0, 0, 0, 0, 0, 0, 0]
[26, 32, 26, 7, 0, 0, 0, 0, 0, 0, 0, 0, 0, 0, 0]
[32, 3, 15, 7, 9, 0, 0, 0, 0, 0, 0, 0, 0, 0, 0]
[26, 14, 31, 28, 0, 0, 0, 0, 0, 0, 0, 0, 0, 0, 0]
[20, 7, 32, 5, 0, 0, 0, 0, 0, 0, 0, 0, 0, 0, 0]
[19, 7, 31, 23, 0, 0, 0, 0, 0, 0, 0, 0, 0, 0, 0]
[1, 32, 5, 23, 2, 0, 0, 0, 0, 0, 0, 0, 0, 0, 0]
[9, 23, 7, 19, 2, 23, 0, 0, 0, 0, 0, 0, 0, 0, 0]
[1, 32, 26, 5, 0, 0, 0, 0, 0, 0, 0, 0, 0, 0, 0]
[32, 7, 26, 4, 0, 0, 0, 0, 0, 0, 0, 0, 0, 0, 0]
[26, 19, 30, 28, 2, 0, 0, 0, 0, 0, 0, 0, 0, 0, 0]
[5, 9, 11, 1, 19, 0, 0, 0, 0, 0, 0, 0, 0, 0, 0]
[15, 5, 17, 5, 2, 0, 0, 0, 0, 0, 0, 0, 0, 0, 0]
[14, 32, 2, 0, 0, 0, 0, 0, 0, 0, 0, 0, 0, 0, 0]
[15, 23, 5, 0, 0, 0, 0, 0, 0, 0, 0, 0, 0, 0, 0]
[18, 9, 26, 5, 23, 0, 0, 0, 0, 0, 0, 0, 0, 0, 0]
[1, 17, 9, 26, 5, 0, 0, 0, 0, 0, 0, 0, 0, 0, 0]
[5, 2, 28, 17, 4, 7, 0, 0, 0, 0, 0, 0, 0, 0, 0]
[20, 3, 9, 14, 2, 31, 7, 0, 0, 0, 0, 0, 0, 0, 0]
[28, 28, 3, 23, 2, 0, 0, 0, 0, 0, 0, 0, 0, 0, 0]
[19, 5, 10, 29, 0, 0, 0, 0, 0, 0, 0, 0, 0, 0, 0]
[20, 7, 31, 0, 0, 0, 0, 0, 0, 0, 0, 0, 0, 0, 0]
[23, 2, 29, 5, 14, 2, 0, 0, 0, 0, 0, 0, 0, 0, 0]
[9, 3, 28, 7, 4, 17, 3, 31, 2, 0, 0, 0, 0, 0, 0]
[24, 7, 17, 26, 7, 0, 0, 0, 0, 0, 0, 0, 0, 0, 0]
[26, 23, 7, 0, 0, 0, 0, 0, 0, 0, 0, 0, 0, 0, 0]
[32, 3, 23, 31, 28, 0, 0, 0, 0, 0, 0, 0, 0, 0, 0]
[9, 4, 14, 31, 7, 0, 0, 0, 0, 0, 0, 0, 0, 0, 0]
[24, 15, 2, 0, 0, 0, 0, 0, 0, 0, 0, 0, 0, 0, 0]
[14, 29, 14, 7, 26, 2, 0, 0, 0, 0, 0, 0, 0, 0, 0]
[28, 5, 4, 7, 23, 0, 0, 0, 0, 0, 0, 0, 0, 0, 0]
[26, 15, 31, 7, 0, 0, 0, 0, 0, 0, 0, 0, 0, 0, 0]
[27, 3, 16, 5, 14, 2, 0, 0, 0, 0, 0, 0, 0, 0, 0]
[1, 28, 2, 32, 0, 0, 0, 0, 0, 0, 0, 0, 0, 0, 0]
[26, 32, 17, 7, 27, 0, 0, 0, 0, 0, 0, 0, 0, 0, 0]
[18, 9, 17, 5, 0, 0, 0, 0, 0, 0, 0, 0, 0, 0, 0]
[9, 31, 23, 17, 7, 33, 0, 0, 0, 0, 0, 0, 0, 0, 0]
[14, 3, 31, 9, 3, 23, 2, 0, 0, 0, 0, 0, 0, 0, 0]
[28, 1, 4, 7, 0, 0, 0, 0, 0, 0, 0, 0, 0, 0, 0]
[4, 3, 19, 20, 7, 0, 0, 0, 0, 0, 0, 0, 0, 0, 0]
[26, 29, 5, 9, 17, 2, 0, 0, 0, 0, 0, 0, 0, 0, 0]
[27, 31, 7, 26, 5, 32, 5, 14, 2, 0, 0, 0, 0, 0, 0]
[26, 2, 32, 7, 23, 0, 0, 0, 0, 0, 0, 0, 0, 0, 0]
[27, 31, 7, 26, 32, 2, 0, 0, 0, 0, 0, 0, 0, 0, 0]
[33, 32, 3, 9, 0, 0, 0, 0, 0, 0, 0, 0, 0, 0, 0]
[12, 7, 17, 14, 5, 0, 0, 0, 0, 0, 0, 0, 0, 0, 0]
[27, 7, 30, 17, 0, 0, 0, 0, 0, 0, 0, 0, 0, 0, 0]
[23, 28, 0, 0, 0, 0, 0, 0, 0, 0, 0, 0, 0, 0, 0]
[20, 23, 19, 0, 0, 0, 0, 0, 0, 0, 0, 0, 0, 0, 0]
[15, 19, 7, 0, 0, 0, 0, 0, 0, 0, 0, 0, 0, 0, 0]
[23, 2, 4, 31, 15, 15, 7, 0, 0, 0, 0, 0, 0, 0, 0]
[19, 19, 3, 4, 0, 0, 0, 0, 0, 0, 0, 0, 0, 0, 0]
[27, 11, 11, 7, 26, 23, 0, 0, 0, 0, 0, 0, 0, 0, 0]
[33, 32, 2, 17, 0, 0, 0, 0, 0, 0, 0, 0, 0, 0, 0]
[28, 7, 32, 1, 31, 0, 0, 0, 0, 0, 0, 0, 0, 0, 0]
[10, 23, 2, 9, 0, 0, 0, 0, 0, 0, 0, 0, 0, 0, 0]
[24, 7, 30, 32, 3, 23, 0, 0, 0, 0, 0, 0, 0, 0, 0]
[24, 4, 7, 17, 5, 9, 5, 2, 0, 0, 0, 0, 0, 0, 0]
[26, 7, 16, 5, 23, 23, 0, 0, 0, 0, 0, 0, 0, 0, 0]
[24, 5, 14, 23, 7, 0, 0, 0, 0, 0, 0, 0, 0, 0, 0]
[14, 5, 23, 17, 5, 0, 0, 0, 0, 0, 0, 0, 0, 0, 0]
[27, 23, 0, 0, 0, 0, 0, 0, 0, 0, 0, 0, 0, 0, 0]
[1, 23, 3, 28, 23, 5, 4, 0, 0, 0, 0, 0, 0, 0, 0]
[31, 7, 9, 32, 1, 23, 0, 0, 0, 0, 0, 0, 0, 0, 0]
[19, 4, 32, 17, 2, 0, 0, 0, 0, 0, 0, 0, 0, 0, 0]
[31, 5, 23, 11, 30, 0, 0, 0, 0, 0, 0, 0, 0, 0, 0]
[3, 32, 17, 19, 0, 0, 0, 0, 0, 0, 0, 0, 0, 0, 0]
[27, 2, 4, 5, 0, 0, 0, 0, 0, 0, 0, 0, 0, 0, 0]
[15, 7, 31, 24, 23, 0, 0, 0, 0, 0, 0, 0, 0, 0, 0]
[7, 18, 7, 23, 2, 0, 0, 0, 0, 0, 0, 0, 0, 0, 0]
[32, 7, 26, 15, 5, 0, 0, 0, 0, 0, 0, 0, 0, 0, 0]
[24, 3, 15, 0, 0, 0, 0, 0, 0, 0, 0, 0, 0, 0, 0]
[26, 5, 9, 17, 2, 11, 7, 17, 7, 0, 0, 0, 0, 0, 0]
[28, 3, 10, 7, 0, 0, 0, 0, 0, 0, 0, 0, 0, 0, 0]
[26, 6, 18, 9, 0, 0, 0, 0, 0, 0, 0, 0, 0, 0, 0]
[28, 18, 5, 0, 0, 0, 0, 0, 0, 0, 0, 0, 0, 0, 0]
[32, 7, 23, 20, 29, 5, 0, 0, 0, 0, 0, 0, 0, 0, 0]
[19, 5, 10, 5, 0, 0, 0, 0, 0, 0, 0, 0, 0, 0, 0]
[3, 18, 24, 19, 7, 23, 0, 0, 0, 0, 0, 0, 0, 0, 0]
[11, 3, 23, 5, 4, 0, 0, 0, 0, 0, 0, 0, 0, 0, 0]
[11, 3, 31, 2, 17, 5, 0, 0, 0, 0, 0, 0, 0, 0, 0]
[20, 3, 24, 9, 18, 2, 0, 0, 0, 0, 0, 0, 0, 0, 0]
[10, 5, 31, 26, 2, 0, 0, 0, 0, 0, 0, 0, 0, 0, 0]
[28, 16, 10, 23, 5, 4, 0, 0, 0, 0, 0, 0, 0, 0, 0]
[18, 9, 17, 3, 28, 0, 0, 0, 0, 0, 0, 0, 0, 0, 0]
[15, 1, 23, 5, 0, 0, 0, 0, 0, 0, 0, 0, 0, 0, 0]
[15, 23, 26, 5, 23, 0, 0, 0, 0, 0, 0, 0, 0, 0, 0]
[26, 4, 5, 0, 0, 0, 0, 0, 0, 0, 0, 0, 0, 0, 0]
[4, 7, 28, 23, 14, 7, 9, 0, 0, 0, 0, 0, 0, 0, 0]
[31, 1, 11, 14, 5, 0, 0, 0, 0, 0, 0, 0, 0, 0, 0]
[9, 7, 4, 5, 14, 33, 2, 0, 0, 0, 0, 0, 0, 0, 0]
[9, 7, 29, 9, 17, 0, 0, 0, 0, 0, 0, 0, 0, 0, 0]
[19, 7, 9, 23, 5, 2, 0, 0, 0, 0, 0, 0, 0, 0, 0]
[9, 7, 18, 5, 0, 0, 0, 0, 0, 0, 0, 0, 0, 0, 0]
[28, 7, 23, 19, 2, 4, 5, 29, 0, 0, 0, 0, 0, 0, 0]
[20, 7, 4, 5, 0, 0, 0, 0, 0, 0, 0, 0, 0, 0, 0]
[4, 7, 23, 11, 14, 7, 23, 11, 0, 0, 0, 0, 0, 0, 0]
[10, 5, 1, 31, 0, 0, 0, 0, 0, 0, 0, 0, 0, 0, 0]
[15, 7, 23, 17, 3, 0, 0, 0, 0, 0, 0, 0, 0, 0, 0]
[26, 7, 4, 23, 7, 0, 0, 0, 0, 0, 0, 0, 0, 0, 0]
[26, 19, 19, 7, 0, 0, 0, 0, 0, 0, 0, 0, 0, 0, 0]
[26, 2, 32, 33, 32, 0, 0, 0, 0, 0, 0, 0, 0, 0, 0]
[24, 4, 7, 17, 2, 26, 19, 2, 0, 0, 0, 0, 0, 0, 0]
[28, 8, 28, 14, 2, 0, 0, 0, 0, 0, 0, 0, 0, 0, 0]
[26, 4, 7, 17, 0, 0, 0, 0, 0, 0, 0, 0, 0, 0, 0]
[26, 7, 32, 1, 23, 0, 0, 0, 0, 0, 0, 0, 0, 0, 0]
[24, 32, 5, 2, 0, 0, 0, 0, 0, 0, 0, 0, 0, 0, 0]
[24, 30, 23, 5, 4, 0, 0, 0, 0, 0, 0, 0, 0, 0, 0]
[26, 26, 4, 5, 0, 0, 0, 0, 0, 0, 0, 0, 0, 0, 0]
[3, 24, 15, 3, 9, 17, 0, 0, 0, 0, 0, 0, 0, 0, 0]
[32, 7, 26, 14, 5, 29, 5, 0, 0, 0, 0, 0, 0, 0, 0]
[19, 5, 3, 1, 31, 0, 0, 0, 0, 0, 0, 0, 0, 0, 0]
[32, 1, 30, 4, 9, 0, 0, 0, 0, 0, 0, 0, 0, 0, 0]
[1, 9, 7, 4, 32, 7, 23, 0, 0, 0, 0, 0, 0, 0, 0]
[24, 3, 15, 4, 0, 0, 0, 0, 0, 0, 0, 0, 0, 0, 0]
[1, 31, 7, 0, 0, 0, 0, 0, 0, 0, 0, 0, 0, 0, 0]
[5, 32, 5, 14, 2, 32, 0, 0, 0, 0, 0, 0, 0, 0, 0]
[1, 23, 3, 27, 7, 27, 0, 0, 0, 0, 0, 0, 0, 0, 0]
[32, 28, 28, 23, 20, 5, 0, 0, 0, 0, 0, 0, 0, 0, 0]
[26, 2, 14, 23, 29, 0, 0, 0, 0, 0, 0, 0, 0, 0, 0]
[25, 7, 32, 9, 5, 0, 0, 0, 0, 0, 0, 0, 0, 0, 0]
[15, 7, 26, 26, 7, 4, 0, 0, 0, 0, 0, 0, 0, 0, 0]
[11, 7, 4, 15, 29, 5, 0, 0, 0, 0, 0, 0, 0, 0, 0]
[15, 7, 23, 17, 4, 7, 23, 4, 0, 0, 0, 0, 0, 0, 0]
[1, 11, 7, 28, 7, 23, 0, 0, 0, 0, 0, 0, 0, 0, 0]
[26, 5, 32, 2, 4, 27, 11, 0, 0, 0, 0, 0, 0, 0, 0]
[23, 2, 26, 2, 4, 0, 0, 0, 0, 0, 0, 0, 0, 0, 0]
[26, 15, 0, 0, 0, 0, 0, 0, 0, 0, 0, 0, 0, 0, 0]
[15, 5, 27, 26, 5, 0, 0, 0, 0, 0, 0, 0, 0, 0, 0]
[27, 1, 23, 0, 0, 0, 0, 0, 0, 0, 0, 0, 0, 0, 0]
[24, 7, 23, 14, 7, 28, 0, 0, 0, 0, 0, 0, 0, 0, 0]
[24, 7, 4, 14, 2, 31, 28, 0, 0, 0, 0, 0, 0, 0, 0]
[15, 10, 23, 0, 0, 0, 0, 0, 0, 0, 0, 0, 0, 0, 0]
[5, 32, 7, 26, 5, 2, 0, 0, 0, 0, 0, 0, 0, 0, 0]
[19, 3, 2, 0, 0, 0, 0, 0, 0, 0, 0, 0, 0, 0, 0]
[32, 24, 3, 4, 5, 0, 0, 0, 0, 0, 0, 0, 0, 0, 0]
[24, 4, 7, 17, 2, 23, 2, 29, 7, 17, 7, 0, 0, 0, 0]
[5, 32, 14, 2, 31, 28, 0, 0, 0, 0, 0, 0, 0, 0, 0]
[5, 28, 7, 23, 17, 2, 0, 0, 0, 0, 0, 0, 0, 0, 0]
[14, 33, 3, 17, 5, 0, 0, 0, 0, 0, 0, 0, 0, 0, 0]
[27, 7, 30, 17, 0, 0, 0, 0, 0, 0, 0, 0, 0, 0, 0]
[26, 32, 26, 2, 0, 0, 0, 0, 0, 0, 0, 0, 0, 0, 0]
[24, 5, 17, 5, 0, 0, 0, 0, 0, 0, 0, 0, 0, 0, 0]
[27, 31, 7, 0, 0, 0, 0, 0, 0, 0, 0, 0, 0, 0, 0]
[33, 7, 17, 32, 1, 4, 0, 0, 0, 0, 0, 0, 0, 0, 0]
[24, 5, 17, 2, 32, 0, 0, 0, 0, 0, 0, 0, 0, 0, 0]
[14, 1, 4, 0, 0, 0, 0, 0, 0, 0, 0, 0, 0, 0, 0]
[27, 31, 7, 26, 32, 0, 0, 0, 0, 0, 0, 0, 0, 0, 0]
[15, 5, 17, 2, 32, 0, 0, 0, 0, 0, 0, 0, 0, 0, 0]
[23, 4, 17, 17, 7, 0, 0, 0, 0, 0, 0, 0, 0, 0, 0]
[19, 7, 9, 23, 19, 4, 0, 0, 0, 0, 0, 0, 0, 0, 0]
[26, 3, 15, 14, 2, 0, 0, 0, 0, 0, 0, 0, 0, 0, 0]
[23, 26, 28, 2, 0, 0, 0, 0, 0, 0, 0, 0, 0, 0, 0]
[7, 32, 2, 9, 10, 2, 17, 7, 0, 0, 0, 0, 0, 0, 0]
[9, 7, 17, 7, 15, 7, 23, 0, 0, 0, 0, 0, 0, 0, 0]
[28, 5, 29, 5, 4, 0, 0, 0, 0, 0, 0, 0, 0, 0, 0]
[14, 2, 23, 11, 4, 0, 0, 0, 0, 0, 0, 0, 0, 0, 0]
[7, 23, 9, 5, 0, 0, 0, 0, 0, 0, 0, 0, 0, 0, 0]
[26, 20, 2, 5, 0, 0, 0, 0, 0, 0, 0, 0, 0, 0, 0]
[24, 31, 17, 7, 31, 0, 0, 0, 0, 0, 0, 0, 0, 0, 0]
[19, 2, 23, 5, 2, 0, 0, 0, 0, 0, 0, 0, 0, 0, 0]
[32, 28, 3, 19, 4, 9, 0, 0, 0, 0, 0, 0, 0, 0, 0]
[32, 5, 32, 26, 4, 5, 4, 0, 0, 0, 0, 0, 0, 0, 0]
[11, 7, 14, 31, 7, 0, 0, 0, 0, 0, 0, 0, 0, 0, 0]
[9, 3, 24, 7, 28, 7, 23, 19, 3, 9, 0, 0, 0, 0, 0]
[24, 33, 4, 0, 0, 0, 0, 0, 0, 0, 0, 0, 0, 0, 0]
[32, 23, 2, 0, 0, 0, 0, 0, 0, 0, 0, 0, 0, 0, 0]
[1, 32, 3, 32, 17, 7, 0, 0, 0, 0, 0, 0, 0, 0, 0]
[27, 2, 32, 7, 28, 0, 0, 0, 0, 0, 0, 0, 0, 0, 0]
[17, 3, 31, 14, 2, 32, 0, 0, 0, 0, 0, 0, 0, 0, 0]
[32, 1, 33, 7, 32, 0, 0, 0, 0, 0, 0, 0, 0, 0, 0]
[15, 23, 31, 2, 0, 0, 0, 0, 0, 0, 0, 0, 0, 0, 0]
[9, 4, 32, 0, 0, 0, 0, 0, 0, 0, 0, 0, 0, 0, 0]
[9, 7, 4, 14, 31, 7, 0, 0, 0, 0, 0, 0, 0, 0, 0]
[26, 32, 7, 23, 0, 0, 0, 0, 0, 0, 0, 0, 0, 0, 0]
[26, 4, 19, 20, 0, 0, 0, 0, 0, 0, 0, 0, 0, 0, 0]
[15, 23, 11, 31, 2, 0, 0, 0, 0, 0, 0, 0, 0, 0, 0]
[23, 2, 29, 7, 28, 2, 0, 0, 0, 0, 0, 0, 0, 0, 0]
[15, 7, 23, 11, 31, 2, 0, 0, 0, 0, 0, 0, 0, 0, 0]
[11, 7, 23, 17, 7, 26, 26, 5, 0, 0, 0, 0, 0, 0, 0]
[17, 3, 9, 17, 3, 9, 5, 0, 0, 0, 0, 0, 0, 0, 0]
[9, 7, 4, 5, 32, 5, 23, 0, 0, 0, 0, 0, 0, 0, 0]
[26, 7, 19, 28, 32, 2, 0, 0, 0, 0, 0, 0, 0, 0, 0]
[27, 1, 31, 7, 26, 32, 2, 32, 0, 0, 0, 0, 0, 0, 0]
[5, 10, 23, 9, 4, 0, 0, 0, 0, 0, 0, 0, 0, 0, 0]
[23, 2, 14, 17, 7, 31, 2, 0, 0, 0, 0, 0, 0, 0, 0]
[32, 7, 28, 20, 23, 0, 0, 0, 0, 0, 0, 0, 0, 0, 0]
[1, 32, 4, 0, 0, 0, 0, 0, 0, 0, 0, 0, 0, 0, 0]
[31, 11, 2, 32, 0, 0, 0, 0, 0, 0, 0, 0, 0, 0, 0]
[18, 28, 28, 0, 0, 0, 0, 0, 0, 0, 0, 0, 0, 0, 0]
[32, 1, 33, 15, 15, 5, 4, 0, 0, 0, 0, 0, 0, 0, 0]
[7, 4, 7, 28, 0, 0, 0, 0, 0, 0, 0, 0, 0, 0, 0]
[32, 15, 2, 5, 0, 0, 0, 0, 0, 0, 0, 0, 0, 0, 0]
[17, 2, 24, 5, 0, 0, 0, 0, 0, 0, 0, 0, 0, 0, 0]
[26, 7, 32, 17, 0, 0, 0, 0, 0, 0, 0, 0, 0, 0, 0]
[20, 4, 23, 0, 0, 0, 0, 0, 0, 0, 0, 0, 0, 0, 0]
[16, 31, 0, 0, 0, 0, 0, 0, 0, 0, 0, 0, 0, 0, 0]
[33, 32, 2, 32, 0, 0, 0, 0, 0, 0, 0, 0, 0, 0, 0]
[9, 7, 31, 32, 2, 0, 0, 0, 0, 0, 0, 0, 0, 0, 0]
[9, 5, 31, 2, 5, 0, 0, 0, 0, 0, 0, 0, 0, 0, 0]
[11, 7, 31, 29, 0, 0, 0, 0, 0, 0, 0, 0, 0, 0, 0]
[24, 2, 32, 2, 0, 0, 0, 0, 0, 0, 0, 0, 0, 0, 0]
[27, 31, 7, 31, 11, 0, 0, 0, 0, 0, 0, 0, 0, 0, 0]
[15, 10, 23, 0, 0, 0, 0, 0, 0, 0, 0, 0, 0, 0, 0]
[24, 17, 10, 7, 4, 0, 0, 0, 0, 0, 0, 0, 0, 0, 0]
[14, 31, 7, 23, 0, 0, 0, 0, 0, 0, 0, 0, 0, 0, 0]
[9, 4, 10, 23, 0, 0, 0, 0, 0, 0, 0, 0, 0, 0, 0]
[11, 7, 14, 33, 23, 7, 0, 0, 0, 0, 0, 0, 0, 0, 0]
[11, 7, 26, 4, 0, 0, 0, 0, 0, 0, 0, 0, 0, 0, 0]
[1, 23, 23, 19, 5, 4, 0, 0, 0, 0, 0, 0, 0, 0, 0]
[19, 5, 10, 17, 5, 33, 0, 0, 0, 0, 0, 0, 0, 0, 0]
[1, 32, 14, 7, 4, 15, 29, 7, 0, 0, 0, 0, 0, 0, 0]
[19, 2, 0, 0, 0, 0, 0, 0, 0, 0, 0, 0, 0, 0, 0]
[17, 3, 31, 17, 5, 7, 0, 0, 0, 0, 0, 0, 0, 0, 0]
[24, 7, 30, 15, 29, 0, 0, 0, 0, 0, 0, 0, 0, 0, 0]
[9, 2, 32, 32, 3, 2, 23, 0, 0, 0, 0, 0, 0, 0, 0]
[32, 7, 23, 17, 1, 23, 0, 0, 0, 0, 0, 0, 0, 0, 0]
[27, 1, 31, 7, 26, 32, 2, 32, 0, 0, 0, 0, 0, 0, 0]
[24, 7, 4, 5, 14, 2, 31, 5, 0, 0, 0, 0, 0, 0, 0]
[28, 7, 23, 0, 0, 0, 0, 0, 0, 0, 0, 0, 0, 0, 0]
[20, 9, 0, 0, 0, 0, 0, 0, 0, 0, 0, 0, 0, 0, 0]
[9, 7, 30, 32, 23, 0, 0, 0, 0, 0, 0, 0, 0, 0, 0]
[18, 28, 17, 7, 0, 0, 0, 0, 0, 0, 0, 0, 0, 0, 0]
[32, 28, 31, 23, 6, 0, 0, 0, 0, 0, 0, 0, 0, 0, 0]
[26, 7, 16, 0, 0, 0, 0, 0, 0, 0, 0, 0, 0, 0, 0]
[25, 3, 31, 5, 14, 2, 31, 7, 0, 0, 0, 0, 0, 0, 0]
[9, 3, 7, 0, 0, 0, 0, 0, 0, 0, 0, 0, 0, 0, 0]
[33, 7, 17, 17, 18, 0, 0, 0, 0, 0, 0, 0, 0, 0, 0]
[27, 5, 17, 7, 4, 0, 0, 0, 0, 0, 0, 0, 0, 0, 0]
[33, 7, 5, 14, 2, 31, 7, 0, 0, 0, 0, 0, 0, 0, 0]
[12, 3, 4, 32, 0, 0, 0, 0, 0, 0, 0, 0, 0, 0, 0]
[1, 11, 3, 23, 5, 0, 0, 0, 0, 0, 0, 0, 0, 0, 0]
[23, 2, 26, 5, 19, 7, 23, 0, 0, 0, 0, 0, 0, 0, 0]
[7, 23, 29, 7, 30, 0, 0, 0, 0, 0, 0, 0, 0, 0, 0]
[33, 32, 32, 7, 9, 7, 4, 0, 0, 0, 0, 0, 0, 0, 0]
[32, 7, 28, 24, 3, 4, 23, 7, 0, 0, 0, 0, 0, 0, 0]
[19, 2, 23, 17, 0, 0, 0, 0, 0, 0, 0, 0, 0, 0, 0]
[31, 2, 10, 5, 14, 2, 32, 0, 0, 0, 0, 0, 0, 0, 0]
[27, 6, 4, 7, 26, 2, 0, 0, 0, 0, 0, 0, 0, 0, 0]
[5, 4, 17, 2, 0, 0, 0, 0, 0, 0, 0, 0, 0, 0, 0]
[19, 5, 9, 17, 5, 2, 0, 0, 0, 0, 0, 0, 0, 0, 0]
[10, 5, 31, 23, 0, 0, 0, 0, 0, 0, 0, 0, 0, 0, 0]
[25, 7, 17, 23, 7, 0, 0, 0, 0, 0, 0, 0, 0, 0, 0]
[26, 23, 14, 2, 31, 28, 0, 0, 0, 0, 0, 0, 0, 0, 0]
[27, 3, 11, 14, 5, 0, 0, 0, 0, 0, 0, 0, 0, 0, 0]
[27, 19, 4, 7, 0, 0, 0, 0, 0, 0, 0, 0, 0, 0, 0]
[9, 14, 3, 0, 0, 0, 0, 0, 0, 0, 0, 0, 0, 0, 0]
[11, 7, 23, 19, 28, 2, 0, 0, 0, 0, 0, 0, 0, 0, 0]
[26, 5, 4, 29, 5, 14, 5, 0, 0, 0, 0, 0, 0, 0, 0]
[26, 5, 17, 5, 29, 0, 0, 0, 0, 0, 0, 0, 0, 0, 0]
[32, 2, 18, 2, 0, 0, 0, 0, 0, 0, 0, 0, 0, 0, 0]
[33, 7, 14, 14, 7, 0, 0, 0, 0, 0, 0, 0, 0, 0, 0]
[7, 23, 17, 7, 4, 26, 1, 32, 0, 0, 0, 0, 0, 0, 0]
[26, 2, 23, 2, 28, 7, 29, 5, 0, 0, 0, 0, 0, 0, 0]
[26, 2, 32, 5, 32, 0, 0, 0, 0, 0, 0, 0, 0, 0, 0]
[24, 7, 32, 17, 17, 5, 0, 0, 0, 0, 0, 0, 0, 0, 0]
[5, 15, 24, 5, 13, 17, 17, 2, 7, 23, 0, 0, 0, 0, 0]
[17, 6, 17, 3, 28, 26, 3, 4, 0, 0, 0, 0, 0, 0, 0]
[26, 5, 9, 4, 7, 23, 0, 0, 0, 0, 0, 0, 0, 0, 0]
[1, 28, 29, 0, 0, 0, 0, 0, 0, 0, 0, 0, 0, 0, 0]
[26, 8, 19, 2, 0, 0, 0, 0, 0, 0, 0, 0, 0, 0, 0]
[27, 11, 2, 32, 0, 0, 0, 0, 0, 0, 0, 0, 0, 0, 0]
[14, 23, 4, 0, 0, 0, 0, 0, 0, 0, 0, 0, 0, 0, 0]
[14, 2, 17, 7, 0, 0, 0, 0, 0, 0, 0, 0, 0, 0, 0]
[24, 7, 4, 32, 0, 0, 0, 0, 0, 0, 0, 0, 0, 0, 0]
[23, 7, 9, 3, 31, 19, 23, 0, 0, 0, 0, 0, 0, 0, 0]
[33, 7, 31, 5, 0, 0, 0, 0, 0, 0, 0, 0, 0, 0, 0]
[26, 14, 2, 29, 5, 0, 0, 0, 0, 0, 0, 0, 0, 0, 0]
[9, 14, 3, 4, 0, 0, 0, 0, 0, 0, 0, 0, 0, 0, 0]
[10, 29, 2, 0, 0, 0, 0, 0, 0, 0, 0, 0, 0, 0, 0]
[31, 5, 26, 3, 0, 0, 0, 0, 0, 0, 0, 0, 0, 0, 0]
[9, 33, 2, 23, 2, 0, 0, 0, 0, 0, 0, 0, 0, 0, 0]
[19, 1, 29, 2, 0, 0, 0, 0, 0, 0, 0, 0, 0, 0, 0]
[24, 4, 7, 18, 28, 0, 0, 0, 0, 0, 0, 0, 0, 0, 0]
[25, 5, 31, 17, 5, 2, 0, 0, 0, 0, 0, 0, 0, 0, 0]
[1, 28, 1, 19, 5, 4, 0, 0, 0, 0, 0, 0, 0, 0, 0]
[32, 20, 2, 23, 0, 0, 0, 0, 0, 0, 0, 0, 0, 0, 0]
[11, 5, 14, 2, 32, 0, 0, 0, 0, 0, 0, 0, 0, 0, 0]
[33, 17, 5, 7, 0, 0, 0, 0, 0, 0, 0, 0, 0, 0, 0]
[28, 5, 29, 5, 9, 5, 0, 0, 0, 0, 0, 0, 0, 0, 0]
[12, 3, 4, 17, 5, 14, 2, 0, 0, 0, 0, 0, 0, 0, 0]
[26, 23, 20, 7, 26, 2, 0, 0, 0, 0, 0, 0, 0, 0, 0]
[14, 2, 17, 2, 29, 5, 0, 0, 0, 0, 0, 0, 0, 0, 0]
[17, 4, 32, 3, 31, 0, 0, 0, 0, 0, 0, 0, 0, 0, 0]
[19, 5, 10, 5, 14, 2, 31, 28, 0, 0, 0, 0, 0, 0, 0]
[7, 23, 5, 9, 26, 4, 0, 0, 0, 0, 0, 0, 0, 0, 0]
[28, 31, 11, 4, 0, 0, 0, 0, 0, 0, 0, 0, 0, 0, 0]
[26, 3, 16, 2, 23, 0, 0, 0, 0, 0, 0, 0, 0, 0, 0]
[26, 2, 24, 7, 4, 15, 7, 32, 17, 7, 0, 0, 0, 0, 0]
[24, 18, 29, 0, 0, 0, 0, 0, 0, 0, 0, 0, 0, 0, 0]
[33, 32, 7, 23, 0, 0, 0, 0, 0, 0, 0, 0, 0, 0, 0]
[16, 3, 9, 2, 0, 0, 0, 0, 0, 0, 0, 0, 0, 0, 0]
[1, 24, 7, 23, 4, 0, 0, 0, 0, 0, 0, 0, 0, 0, 0]
[32, 1, 26, 23, 0, 0, 0, 0, 0, 0, 0, 0, 0, 0, 0]
[24, 14, 14, 2, 0, 0, 0, 0, 0, 0, 0, 0, 0, 0, 0]
[26, 23, 19, 7, 0, 0, 0, 0, 0, 0, 0, 0, 0, 0, 0]
[28, 4, 5, 23, 0, 0, 0, 0, 0, 0, 0, 0, 0, 0, 0]
[11, 7, 31, 23, 7, 0, 0, 0, 0, 0, 0, 0, 0, 0, 0]
[19, 2, 19, 3, 23, 0, 0, 0, 0, 0, 0, 0, 0, 0, 0]
[33, 7, 17, 32, 1, 0, 0, 0, 0, 0, 0, 0, 0, 0, 0]
[14, 23, 19, 23, 0, 0, 0, 0, 0, 0, 0, 0, 0, 0, 0]
[32, 5, 4, 7, 28, 0, 0, 0, 0, 0, 0, 0, 0, 0, 0]
[32, 7, 28, 7, 23, 20, 5, 0, 0, 0, 0, 0, 0, 0, 0]
[28, 23, 7, 32, 0, 0, 0, 0, 0, 0, 0, 0, 0, 0, 0]
[27, 5, 17, 7, 4, 5, 4, 0, 0, 0, 0, 0, 0, 0, 0]
[12, 7, 30, 23, 7, 4, 0, 0, 0, 0, 0, 0, 0, 0, 0]
[14, 7, 32, 28, 29, 0, 0, 0, 0, 0, 0, 0, 0, 0, 0]
[31, 7, 9, 17, 4, 0, 0, 0, 0, 0, 0, 0, 0, 0, 0]
[26, 9, 2, 11, 3, 31, 7, 4, 0, 0, 0, 0, 0, 0, 0]
[20, 7, 4, 28, 2, 29, 7, 0, 0, 0, 0, 0, 0, 0, 0]
[28, 7, 20, 29, 5, 7, 0, 0, 0, 0, 0, 0, 0, 0, 0]
[17, 28, 0, 0, 0, 0, 0, 0, 0, 0, 0, 0, 0, 0, 0]
[15, 23, 29, 5, 0, 0, 0, 0, 0, 0, 0, 0, 0, 0, 0]
[1, 32, 14, 33, 5, 29, 0, 0, 0, 0, 0, 0, 0, 0, 0]
[28, 19, 3, 4, 0, 0, 0, 0, 0, 0, 0, 0, 0, 0, 0]
[28, 2, 31, 2, 5, 0, 0, 0, 0, 0, 0, 0, 0, 0, 0]
[30, 9, 7, 28, 0, 0, 0, 0, 0, 0, 0, 0, 0, 0, 0]
[24, 14, 14, 2, 32, 0, 0, 0, 0, 0, 0, 0, 0, 0, 0]
[17, 9, 2, 5, 0, 0, 0, 0, 0, 0, 0, 0, 0, 0, 0]
[27, 26, 14, 2, 32, 0, 0, 0, 0, 0, 0, 0, 0, 0, 0]
[33, 7, 29, 5, 4, 0, 0, 0, 0, 0, 0, 0, 0, 0, 0]
[19, 5, 10, 7, 17, 7, 0, 0, 0, 0, 0, 0, 0, 0, 0]
[1, 32, 2, 32, 0, 0, 0, 0, 0, 0, 0, 0, 0, 0, 0]
[14, 33, 17, 4, 7, 0, 0, 0, 0, 0, 0, 0, 0, 0, 0]
[17, 7, 4, 17, 0, 0, 0, 0, 0, 0, 0, 0, 0, 0, 0]
[32, 7, 24, 7, 10, 5, 0, 0, 0, 0, 0, 0, 0, 0, 0]
[32, 7, 33, 7, 4, 5, 4, 0, 0, 0, 0, 0, 0, 0, 0]
[24, 4, 7, 32, 1, 32, 0, 0, 0, 0, 0, 0, 0, 0, 0]
[26, 32, 7, 23, 0, 0, 0, 0, 0, 0, 0, 0, 0, 0, 0]
[5, 32, 5, 14, 7, 0, 0, 0, 0, 0, 0, 0, 0, 0, 0]
[11, 3, 17, 2, 9, 7, 17, 7, 9, 0, 0, 0, 0, 0, 0]
[32, 5, 19, 2, 23, 5, 2, 0, 0, 0, 0, 0, 0, 0, 0]
[19, 10, 31, 5, 0, 0, 0, 0, 0, 0, 0, 0, 0, 0, 0]
[10, 23, 0, 0, 0, 0, 0, 0, 0, 0, 0, 0, 0, 0, 0]
[23, 2, 15, 7, 4, 32, 7, 0, 0, 0, 0, 0, 0, 0, 0]
[10, 5, 31, 2, 0, 0, 0, 0, 0, 0, 0, 0, 0, 0, 0]
[24, 32, 26, 31, 2, 32, 0, 0, 0, 0, 0, 0, 0, 0, 0]
[15, 29, 0, 0, 0, 0, 0, 0, 0, 0, 0, 0, 0, 0, 0]
[24, 4, 26, 5, 2, 23, 0, 0, 0, 0, 0, 0, 0, 0, 0]
[15, 23, 23, 7, 0, 0, 0, 0, 0, 0, 0, 0, 0, 0, 0]
[26, 9, 32, 7, 0, 0, 0, 0, 0, 0, 0, 0, 0, 0, 0]
[24, 26, 4, 0, 0, 0, 0, 0, 0, 0, 0, 0, 0, 0, 0]
[16, 17, 0, 0, 0, 0, 0, 0, 0, 0, 0, 0, 0, 0, 0]
[32, 5, 17, 3, 0, 0, 0, 0, 0, 0, 0, 0, 0, 0, 0]
[26, 7, 4, 7, 19, 2, 23, 0, 0, 0, 0, 0, 0, 0, 0]
[11, 29, 5, 26, 0, 0, 0, 0, 0, 0, 0, 0, 0, 0, 0]
[14, 7, 31, 9, 5, 0, 0, 0, 0, 0, 0, 0, 0, 0, 0]
[5, 19, 5, 4, 9, 5, 2, 0, 0, 0, 0, 0, 0, 0, 0]
[26, 23, 20, 7, 26, 2, 4, 0, 0, 0, 0, 0, 0, 0, 0]
[17, 31, 24, 17, 0, 0, 0, 0, 0, 0, 0, 0, 0, 0, 0]
[17, 23, 0, 0, 0, 0, 0, 0, 0, 0, 0, 0, 0, 0, 0]
[28, 14, 5, 4, 0, 0, 0, 0, 0, 0, 0, 0, 0, 0, 0]
[18, 9, 17, 6, 0, 0, 0, 0, 0, 0, 0, 0, 0, 0, 0]
[25, 3, 31, 14, 5, 0, 0, 0, 0, 0, 0, 0, 0, 0, 0]
[9, 29, 31, 17, 5, 0, 0, 0, 0, 0, 0, 0, 0, 0, 0]
[9, 28, 30, 0, 0, 0, 0, 0, 0, 0, 0, 0, 0, 0, 0]
[28, 2, 14, 33, 2, 31, 0, 0, 0, 0, 0, 0, 0, 0, 0]
[1, 32, 7, 23, 2, 0, 0, 0, 0, 0, 0, 0, 0, 0, 0]
[15, 32, 0, 0, 0, 0, 0, 0, 0, 0, 0, 0, 0, 0, 0]
[14, 2, 31, 5, 0, 0, 0, 0, 0, 0, 0, 0, 0, 0, 0]
[31, 1, 27, 0, 0, 0, 0, 0, 0, 0, 0, 0, 0, 0, 0]
[27, 1, 31, 7, 31, 11, 0, 0, 0, 0, 0, 0, 0, 0, 0]
[15, 7, 17, 7, 32, 7, 26, 0, 0, 0, 0, 0, 0, 0, 0]
[19, 5, 23, 23, 2, 0, 0, 0, 0, 0, 0, 0, 0, 0, 0]
[15, 23, 23, 0, 0, 0, 0, 0, 0, 0, 0, 0, 0, 0, 0]
[14, 7, 4, 17, 5, 0, 0, 0, 0, 0, 0, 0, 0, 0, 0]
[11, 7, 27, 2, 4, 0, 0, 0, 0, 0, 0, 0, 0, 0, 0]
[23, 7, 32, 32, 7, 0, 0, 0, 0, 0, 0, 0, 0, 0, 0]
[31, 5, 10, 7, 0, 0, 0, 0, 0, 0, 0, 0, 0, 0, 0]
[9, 7, 23, 7, 19, 2, 23, 7, 0, 0, 0, 0, 0, 0, 0]
[1, 15, 26, 0, 0, 0, 0, 0, 0, 0, 0, 0, 0, 0, 0]
[24, 7, 13, 14, 7, 23, 19, 7, 0, 0, 0, 0, 0, 0, 0]
[24, 4, 7, 18, 0, 0, 0, 0, 0, 0, 0, 0, 0, 0, 0]
[17, 17, 7, 0, 0, 0, 0, 0, 0, 0, 0, 0, 0, 0, 0]
[9, 7, 31, 7, 23, 9, 7, 0, 0, 0, 0, 0, 0, 0, 0]
[30, 17, 5, 0, 0, 0, 0, 0, 0, 0, 0, 0, 0, 0, 0]
[32, 30, 23, 11, 32, 7, 0, 0, 0, 0, 0, 0, 0, 0, 0]
[32, 24, 4, 32, 7, 0, 0, 0, 0, 0, 0, 0, 0, 0, 0]
[32, 3, 29, 5, 14, 5, 0, 0, 0, 0, 0, 0, 0, 0, 0]
[10, 5, 31, 26, 4, 0, 0, 0, 0, 0, 0, 0, 0, 0, 0]
[10, 7, 26, 7, 4, 19, 4, 0, 0, 0, 0, 0, 0, 0, 0]
[12, 3, 28, 7, 32, 0, 0, 0, 0, 0, 0, 0, 0, 0, 0]
[24, 7, 4, 26, 5, 32, 7, 23, 0, 0, 0, 0, 0, 0, 0]
[1, 17, 7, 33, 0, 0, 0, 0, 0, 0, 0, 0, 0, 0, 0]
[19, 5, 10, 5, 14, 33, 2, 31, 28, 0, 0, 0, 0, 0, 0]
[31, 7, 9, 23, 7, 4, 0, 0, 0, 0, 0, 0, 0, 0, 0]
[27, 1, 31, 7, 31, 11, 14, 33, 2, 31, 7, 0, 0, 0, 0]
[9, 7, 14, 3, 0, 0, 0, 0, 0, 0, 0, 0, 0, 0, 0]
[14, 1, 17, 0, 0, 0, 0, 0, 0, 0, 0, 0, 0, 0, 0]
[14, 6, 0, 0, 0, 0, 0, 0, 0, 0, 0, 0, 0, 0, 0]
[24, 5, 19, 2, 29, 5, 0, 0, 0, 0, 0, 0, 0, 0, 0]
[14, 5, 31, 0, 0, 0, 0, 0, 0, 0, 0, 0, 0, 0, 0]
[17, 4, 23, 7, 29, 7, 23, 0, 0, 0, 0, 0, 0, 0, 0]
[17, 7, 17, 31, 28, 2, 0, 0, 0, 0, 0, 0, 0, 0, 0]
[33, 2, 28, 28, 17, 0, 0, 0, 0, 0, 0, 0, 0, 0, 0]
[26, 4, 7, 31, 7, 9, 5, 4, 0, 0, 0, 0, 0, 0, 0]
[3, 18, 5, 7, 0, 0, 0, 0, 0, 0, 0, 0, 0, 0, 0]
[10, 2, 32, 17, 2, 0, 0, 0, 0, 0, 0, 0, 0, 0, 0]
[26, 7, 20, 3, 0, 0, 0, 0, 0, 0, 0, 0, 0, 0, 0]
[9, 3, 32, 3, 28, 0, 0, 0, 0, 0, 0, 0, 0, 0, 0]
[28, 7, 31, 17, 3, 1, 31, 0, 0, 0, 0, 0, 0, 0, 0]
[33, 7, 5, 23, 2, 0, 0, 0, 0, 0, 0, 0, 0, 0, 0]
[27, 1, 31, 7, 26, 32, 17, 5, 0, 0, 0, 0, 0, 0, 0]
[15, 7, 23, 23, 6, 0, 0, 0, 0, 0, 0, 0, 0, 0, 0]
[32, 32, 7, 23, 0, 0, 0, 0, 0, 0, 0, 0, 0, 0, 0]
[24, 2, 24, 32, 1, 0, 0, 0, 0, 0, 0, 0, 0, 0, 0]
[15, 23, 5, 23, 23, 0, 0, 0, 0, 0, 0, 0, 0, 0, 0]
[1, 9, 32, 1, 18, 5, 0, 0, 0, 0, 0, 0, 0, 0, 0]
[28, 31, 9, 2, 23, 0, 0, 0, 0, 0, 0, 0, 0, 0, 0]
[26, 2, 32, 0, 0, 0, 0, 0, 0, 0, 0, 0, 0, 0, 0]
[20, 2, 31, 0, 0, 0, 0, 0, 0, 0, 0, 0, 0, 0, 0]
[9, 7, 23, 29, 0, 0, 0, 0, 0, 0, 0, 0, 0, 0, 0]
[23, 5, 23, 11, 17, 2, 0, 0, 0, 0, 0, 0, 0, 0, 0]
[12, 7, 17, 5, 0, 0, 0, 0, 0, 0, 0, 0, 0, 0, 0]
[28, 23, 7, 32, 2, 9, 0, 0, 0, 0, 0, 0, 0, 0, 0]
[17, 28, 9, 5, 0, 0, 0, 0, 0, 0, 0, 0, 0, 0, 0]
[9, 24, 2, 29, 5, 0, 0, 0, 0, 0, 0, 0, 0, 0, 0]
[1, 23, 2, 4, 26, 23, 0, 0, 0, 0, 0, 0, 0, 0, 0]
[24, 7, 4, 26, 7, 18, 0, 0, 0, 0, 0, 0, 0, 0, 0]
[19, 5, 10, 2, 5, 14, 5, 0, 0, 0, 0, 0, 0, 0, 0]
[25, 7, 4, 7, 23, 0, 0, 0, 0, 0, 0, 0, 0, 0, 0]
[26, 4, 33, 7, 18, 0, 0, 0, 0, 0, 0, 0, 0, 0, 0]
[28, 10, 7, 23, 0, 0, 0, 0, 0, 0, 0, 0, 0, 0, 0]
[15, 5, 4, 7, 28, 0, 0, 0, 0, 0, 0, 0, 0, 0, 0]
[1, 24, 7, 14, 7, 23, 19, 7, 0, 0, 0, 0, 0, 0, 0]
[24, 7, 4, 14, 7, 0, 0, 0, 0, 0, 0, 0, 0, 0, 0]
[32, 7, 28, 7, 29, 5, 2, 0, 0, 0, 0, 0, 0, 0, 0]
[17, 7, 4, 7, 26, 4, 0, 0, 0, 0, 0, 0, 0, 0, 0]
[1, 24, 5, 10, 2, 0, 0, 0, 0, 0, 0, 0, 0, 0, 0]
[26, 2, 32, 1, 32, 2, 0, 0, 0, 0, 0, 0, 0, 0, 0]
[24, 30, 19, 2, 24, 0, 0, 0, 0, 0, 0, 0, 0, 0, 0]
[5, 11, 7, 26, 7, 0, 0, 0, 0, 0, 0, 0, 0, 0, 0]
[26, 30, 33, 28, 23, 0, 0, 0, 0, 0, 0, 0, 0, 0, 0]
[24, 7, 17, 31, 0, 0, 0, 0, 0, 0, 0, 0, 0, 0, 0]
[26, 17, 32, 0, 0, 0, 0, 0, 0, 0, 0, 0, 0, 0, 0]
[19, 31, 23, 0, 0, 0, 0, 0, 0, 0, 0, 0, 0, 0, 0]
[26, 7, 9, 17, 7, 26, 29, 7, 0, 0, 0, 0, 0, 0, 0]
[5, 32, 7, 26, 5, 4, 0, 0, 0, 0, 0, 0, 0, 0, 0]
[9, 19, 0, 0, 0, 0, 0, 0, 0, 0, 0, 0, 0, 0, 0]
[9, 9, 3, 0, 0, 0, 0, 0, 0, 0, 0, 0, 0, 0, 0]
[14, 33, 5, 31, 5, 4, 0, 0, 0, 0, 0, 0, 0, 0, 0]
[1, 23, 5, 0, 0, 0, 0, 0, 0, 0, 0, 0, 0, 0, 0]
[20, 3, 9, 17, 5, 0, 0, 0, 0, 0, 0, 0, 0, 0, 0]
[9, 7, 31, 7, 28, 0, 0, 0, 0, 0, 0, 0, 0, 0, 0]
[9, 28, 7, 23, 2, 0, 0, 0, 0, 0, 0, 0, 0, 0, 0]
[32, 3, 23, 2, 32, 23, 2, 0, 0, 0, 0, 0, 0, 0, 0]
[19, 10, 5, 14, 2, 0, 0, 0, 0, 0, 0, 0, 0, 0, 0]
[26, 2, 17, 7, 4, 5, 4, 0, 0, 0, 0, 0, 0, 0, 0]
[32, 32, 3, 4, 0, 0, 0, 0, 0, 0, 0, 0, 0, 0, 0]
[1, 23, 3, 24, 28, 0, 0, 0, 0, 0, 0, 0, 0, 0, 0]
[24, 5, 17, 23, 7, 0, 0, 0, 0, 0, 0, 0, 0, 0, 0]
[9, 5, 23, 7, 0, 0, 0, 0, 0, 0, 0, 0, 0, 0, 0]
[15, 8, 18, 7, 0, 0, 0, 0, 0, 0, 0, 0, 0, 0, 0]
[26, 7, 29, 7, 32, 2, 0, 0, 0, 0, 0, 0, 0, 0, 0]
[14, 2, 31, 2, 32, 0, 0, 0, 0, 0, 0, 0, 0, 0, 0]
[27, 27, 5, 0, 0, 0, 0, 0, 0, 0, 0, 0, 0, 0, 0]
[19, 3, 4, 7, 23, 17, 7, 0, 0, 0, 0, 0, 0, 0, 0]
[19, 5, 10, 14, 5, 0, 0, 0, 0, 0, 0, 0, 0, 0, 0]
[9, 17, 7, 19, 2, 23, 0, 0, 0, 0, 0, 0, 0, 0, 0]
[14, 31, 7, 0, 0, 0, 0, 0, 0, 0, 0, 0, 0, 0, 0]
[24, 4, 7, 32, 17, 26, 5, 4, 0, 0, 0, 0, 0, 0, 0]
[9, 7, 4, 17, 17, 5, 0, 0, 0, 0, 0, 0, 0, 0, 0]
[27, 23, 19, 4, 0, 0, 0, 0, 0, 0, 0, 0, 0, 0, 0]
[26, 31, 3, 23, 0, 0, 0, 0, 0, 0, 0, 0, 0, 0, 0]
[23, 2, 30, 32, 1, 0, 0, 0, 0, 0, 0, 0, 0, 0, 0]
[19, 28, 2, 0, 0, 0, 0, 0, 0, 0, 0, 0, 0, 0, 0]
[11, 8, 1, 4, 0, 0, 0, 0, 0, 0, 0, 0, 0, 0, 0]
[32, 26, 20, 23, 0, 0, 0, 0, 0, 0, 0, 0, 0, 0, 0]
[30, 9, 7, 28, 5, 4, 0, 0, 0, 0, 0, 0, 0, 0, 0]
[25, 5, 31, 2, 32, 23, 0, 0, 0, 0, 0, 0, 0, 0, 0]
[14, 1, 31, 0, 0, 0, 0, 0, 0, 0, 0, 0, 0, 0, 0]
[15, 2, 26, 7, 23, 2, 0, 0, 0, 0, 0, 0, 0, 0, 0]
[24, 30, 9, 17, 7, 23, 0, 0, 0, 0, 0, 0, 0, 0, 0]
[24, 7, 4, 0, 0, 0, 0, 0, 0, 0, 0, 0, 0, 0, 0]
[14, 33, 5, 31, 5, 17, 0, 0, 0, 0, 0, 0, 0, 0, 0]
[24, 7, 32, 1, 29, 5, 0, 0, 0, 0, 0, 0, 0, 0, 0]
[9, 4, 14, 5, 0, 0, 0, 0, 0, 0, 0, 0, 0, 0, 0]
[24, 30, 18, 7, 28, 2, 9, 0, 0, 0, 0, 0, 0, 0, 0]
[31, 7, 28, 26, 17, 5, 0, 0, 0, 0, 0, 0, 0, 0, 0]
[9, 14, 9, 7, 31, 0, 0, 0, 0, 0, 0, 0, 0, 0, 0]
[9, 17, 31, 0, 0, 0, 0, 0, 0, 0, 0, 0, 0, 0, 0]
[32, 23, 23, 0, 0, 0, 0, 0, 0, 0, 0, 0, 0, 0, 0]
[28, 23, 3, 32, 2, 9, 0, 0, 0, 0, 0, 0, 0, 0, 0]
[15, 7, 28, 19, 1, 4, 0, 0, 0, 0, 0, 0, 0, 0, 0]
[15, 23, 31, 7, 0, 0, 0, 0, 0, 0, 0, 0, 0, 0, 0]
[5, 27, 1, 26, 5, 2, 0, 0, 0, 0, 0, 0, 0, 0, 0]
[19, 5, 10, 14, 2, 31, 31, 5, 0, 0, 0, 0, 0, 0, 0]
[31, 11, 26, 5, 0, 0, 0, 0, 0, 0, 0, 0, 0, 0, 0]
[33, 7, 29, 2, 23, 0, 0, 0, 0, 0, 0, 0, 0, 0, 0]
[15, 7, 31, 3, 9, 0, 0, 0, 0, 0, 0, 0, 0, 0, 0]
[26, 7, 32, 26, 7, 0, 0, 0, 0, 0, 0, 0, 0, 0, 0]
[17, 9, 7, 0, 0, 0, 0, 0, 0, 0, 0, 0, 0, 0, 0]
[24, 5, 29, 19, 0, 0, 0, 0, 0, 0, 0, 0, 0, 0, 0]
[14, 23, 19, 0, 0, 0, 0, 0, 0, 0, 0, 0, 0, 0, 0]
[33, 7, 5, 14, 5, 23, 0, 0, 0, 0, 0, 0, 0, 0, 0]
[11, 30, 28, 28, 7, 0, 0, 0, 0, 0, 0, 0, 0, 0, 0]
[9, 4, 5, 14, 7, 0, 0, 0, 0, 0, 0, 0, 0, 0, 0]
[7, 11, 3, 31, 7, 0, 0, 0, 0, 0, 0, 0, 0, 0, 0]
[28, 1, 4, 24, 2, 17, 0, 0, 0, 0, 0, 0, 0, 0, 0]
[17, 7, 9, 17, 3, 9, 2, 0, 0, 0, 0, 0, 0, 0, 0]
[25, 3, 4, 29, 5, 0, 0, 0, 0, 0, 0, 0, 0, 0, 0]
[9, 1, 23, 5, 0, 0, 0, 0, 0, 0, 0, 0, 0, 0, 0]
[24, 4, 17, 7, 23, 0, 0, 0, 0, 0, 0, 0, 0, 0, 0]
[7, 15, 7, 11, 11, 7, 0, 0, 0, 0, 0, 0, 0, 0, 0]
[7, 23, 29, 7, 17, 7, 28, 7, 0, 0, 0, 0, 0, 0, 0]
[1, 19, 7, 4, 0, 0, 0, 0, 0, 0, 0, 0, 0, 0, 0]
[19, 5, 9, 5, 14, 2, 31, 7, 0, 0, 0, 0, 0, 0, 0]
[33, 17, 5, 0, 0, 0, 0, 0, 0, 0, 0, 0, 0, 0, 0]
[17, 7, 17, 9, 31, 0, 0, 0, 0, 0, 0, 0, 0, 0, 0]
[5, 2, 26, 26, 5, 2, 0, 0, 0, 0, 0, 0, 0, 0, 0]
[24, 14, 33, 7, 0, 0, 0, 0, 0, 0, 0, 0, 0, 0, 0]
[15, 10, 7, 23, 2, 0, 0, 0, 0, 0, 0, 0, 0, 0, 0]
[32, 7, 4, 4, 0, 0, 0, 0, 0, 0, 0, 0, 0, 0, 0]
[23, 2, 31, 2, 0, 0, 0, 0, 0, 0, 0, 0, 0, 0, 0]
[1, 9, 28, 32, 0, 0, 0, 0, 0, 0, 0, 0, 0, 0, 0]
[27, 3, 11, 14, 2, 0, 0, 0, 0, 0, 0, 0, 0, 0, 0]
[26, 2, 15, 7, 29, 2, 0, 0, 0, 0, 0, 0, 0, 0, 0]
[17, 7, 9, 5, 29, 0, 0, 0, 0, 0, 0, 0, 0, 0, 0]
[9, 28, 31, 0, 0, 0, 0, 0, 0, 0, 0, 0, 0, 0, 0]
[14, 9, 4, 0, 0, 0, 0, 0, 0, 0, 0, 0, 0, 0, 0]
[15, 1, 4, 0, 0, 0, 0, 0, 0, 0, 0, 0, 0, 0, 0]
[7, 32, 7, 16, 29, 7, 0, 0, 0, 0, 0, 0, 0, 0, 0]
[33, 7, 31, 28, 0, 0, 0, 0, 0, 0, 0, 0, 0, 0, 0]
[3, 24, 4, 15, 7, 23, 0, 0, 0, 0, 0, 0, 0, 0, 0]
[19, 31, 24, 31, 0, 0, 0, 0, 0, 0, 0, 0, 0, 0, 0]
[24, 14, 33, 2, 23, 0, 0, 0, 0, 0, 0, 0, 0, 0, 0]
[32, 30, 0, 0, 0, 0, 0, 0, 0, 0, 0, 0, 0, 0, 0]
[33, 4, 5, 2, 0, 0, 0, 0, 0, 0, 0, 0, 0, 0, 0]
[23, 29, 2, 9, 4, 7, 0, 0, 0, 0, 0, 0, 0, 0, 0]
[27, 5, 26, 5, 2, 0, 0, 0, 0, 0, 0, 0, 0, 0, 0]
[31, 7, 9, 17, 2, 9, 5, 0, 0, 0, 0, 0, 0, 0, 0]
[28, 7, 23, 19, 2, 4, 5, 0, 0, 0, 0, 0, 0, 0, 0]
[11, 14, 31, 2, 0, 0, 0, 0, 0, 0, 0, 0, 0, 0, 0]
[33, 7, 17, 17, 0, 0, 0, 0, 0, 0, 0, 0, 0, 0, 0]
[26, 5, 4, 7, 23, 6, 0, 0, 0, 0, 0, 0, 0, 0, 0]
[27, 5, 27, 5, 0, 0, 0, 0, 0, 0, 0, 0, 0, 0, 0]
[5, 9, 1, 0, 0, 0, 0, 0, 0, 0, 0, 0, 0, 0, 0]
[1, 32, 17, 6, 0, 0, 0, 0, 0, 0, 0, 0, 0, 0, 0]
[15, 1, 31, 0, 0, 0, 0, 0, 0, 0, 0, 0, 0, 0, 0]
[11, 30, 28, 2, 23, 0, 0, 0, 0, 0, 0, 0, 0, 0, 0]
[23, 5, 32, 1, 0, 0, 0, 0, 0, 0, 0, 0, 0, 0, 0]
[24, 3, 23, 7, 4, 15, 7, 23, 28, 7, 0, 0, 0, 0, 0]
[27, 26, 17, 5, 0, 0, 0, 0, 0, 0, 0, 0, 0, 0, 0]
[17, 9, 5, 0, 0, 0, 0, 0, 0, 0, 0, 0, 0, 0, 0]
[27, 1, 31, 7, 26, 5, 32, 5, 14, 7, 0, 0, 0, 0, 0]
[24, 7, 4, 17, 5, 7, 0, 0, 0, 0, 0, 0, 0, 0, 0]
[32, 1, 19, 0, 0, 0, 0, 0, 0, 0, 0, 0, 0, 0, 0]
[30, 10, 31, 0, 0, 0, 0, 0, 0, 0, 0, 0, 0, 0, 0]
[33, 11, 31, 5, 0, 0, 0, 0, 0, 0, 0, 0, 0, 0, 0]
[6, 32, 7, 26, 0, 0, 0, 0, 0, 0, 0, 0, 0, 0, 0]
[9, 7, 31, 7, 4, 7, 26, 0, 0, 0, 0, 0, 0, 0, 0]
[26, 7, 4, 32, 1, 9, 31, 0, 0, 0, 0, 0, 0, 0, 0]
[9, 5, 31, 23, 7, 4, 0, 0, 0, 0, 0, 0, 0, 0, 0]
[19, 5, 10, 31, 28, 0, 0, 0, 0, 0, 0, 0, 0, 0, 0]
[11, 7, 28, 7, 23, 0, 0, 0, 0, 0, 0, 0, 0, 0, 0]
[15, 31, 23, 7, 0, 0, 0, 0, 0, 0, 0, 0, 0, 0, 0]
[26, 7, 33, 3, 19, 2, 23, 2, 0, 0, 0, 0, 0, 0, 0]
[1, 32, 14, 7, 4, 29, 7, 0, 0, 0, 0, 0, 0, 0, 0]
[15, 8, 26, 23, 0, 0, 0, 0, 0, 0, 0, 0, 0, 0, 0]
[3, 24, 11, 30, 19, 2, 23, 11, 0, 0, 0, 0, 0, 0, 0]
[26, 31, 19, 5, 32, 0, 0, 0, 0, 0, 0, 0, 0, 0, 0]
[31, 7, 24, 32, 0, 0, 0, 0, 0, 0, 0, 0, 0, 0, 0]
[32, 3, 4, 11, 5, 0, 0, 0, 0, 0, 0, 0, 0, 0, 0]
[15, 3, 4, 29, 0, 0, 0, 0, 0, 0, 0, 0, 0, 0, 0]
[15, 3, 32, 17, 0, 0, 0, 0, 0, 0, 0, 0, 0, 0, 0]
[15, 3, 32, 17, 2, 13, 5, 0, 0, 0, 0, 0, 0, 0, 0]
[25, 4, 7, 23, 17, 24, 11, 5, 0, 0, 0, 0, 0, 0, 0]
[17, 30, 3, 28, 0, 0, 0, 0, 0, 0, 0, 0, 0, 0, 0]
[17, 33, 7, 5, 0, 0, 0, 0, 0, 0, 0, 0, 0, 0, 0]
[1, 19, 27, 5, 4, 17, 0, 0, 0, 0, 0, 0, 0, 0, 0]
[24, 7, 32, 32, 5, 32, 32, 0, 0, 0, 0, 0, 0, 0, 0]
[19, 5, 28, 23, 19, 2, 23, 11, 0, 0, 0, 0, 0, 0, 0]
[19, 5, 25, 5, 23, 32, 2, 27, 5, 0, 0, 0, 0, 0, 0]
[25, 31, 32, 5, 4, 32, 0, 0, 0, 0, 0, 0, 0, 0, 0]
[25, 7, 4, 26, 2, 19, 19, 5, 23, 0, 0, 0, 0, 0, 0]
[24, 4, 7, 11, 30, 28, 28, 5, 4, 32, 0, 0, 0, 0, 0]
[28, 7, 23, 2, 17, 7, 4, 5, 19, 0, 0, 0, 0, 0, 0]
[2, 23, 32, 17, 31, 31, 17, 2, 7, 23, 32, 0, 0, 0, 0]
[24, 2, 13, 23, 2, 13, 0, 0, 0, 0, 0, 0, 0, 0, 0]
[32, 8, 31, 32, 0, 0, 0, 0, 0, 0, 0, 0, 0, 0, 0]
[1, 4, 4, 27, 1, 31, 32, 0, 0, 0, 0, 0, 0, 0, 0]
[24, 30, 13, 17, 2, 17, 2, 7, 23, 5, 4, 0, 0, 0, 0]
[28, 7, 17, 2, 27, 1, 17, 5, 19, 0, 0, 0, 0, 0, 0]
[32, 28, 2, 18, 32, 7, 23, 2, 1, 23, 0, 0, 0, 0, 0]
[33, 7, 31, 31, 8, 0, 0, 0, 0, 0, 0, 0, 0, 0, 0]
[27, 8, 31, 17, 0, 0, 0, 0, 0, 0, 0, 0, 0, 0, 0]
[32, 5, 13, 3, 4, 5, 31, 29, 0, 0, 0, 0, 0, 0, 0]
[5, 15, 1, 28, 2, 23, 2, 23, 11, 0, 0, 0, 0, 0, 0]
[25, 2, 7, 4, 13, 5, 17, 0, 0, 0, 0, 0, 0, 0, 0]
[11, 4, 7, 27, 5, 0, 0, 0, 0, 0, 0, 0, 0, 0, 0]
[4, 5, 27, 5, 31, 17, 2, 7, 23, 0, 0, 0, 0, 0, 0]
[24, 3, 4, 32, 3, 2, 17, 0, 0, 0, 0, 0, 0, 0, 0]
[19, 5, 31, 5, 11, 17, 2, 7, 23, 0, 0, 0, 0, 0, 0]
[3, 2, 4, 5, 32, 0, 0, 0, 0, 0, 0, 0, 0, 0, 0]
[19, 2, 13, 17, 2, 7, 23, 4, 5, 32, 0, 0, 0, 0, 0]
[28, 2, 31, 32, 0, 0, 0, 0, 0, 0, 0, 0, 0, 0, 0]
[26, 13, 9, 2, 23, 11, 0, 0, 0, 0, 0, 0, 0, 0, 0]
[11, 4, 2, 23, 33, 8, 32, 5, 0, 0, 0, 0, 0, 0, 0]
[32, 31, 2, 24, 32, 0, 0, 0, 0, 0, 0, 0, 0, 0, 0]
[27, 13, 0, 0, 0, 0, 0, 0, 0, 0, 0, 0, 0, 0, 0]
[26, 31, 9, 5, 0, 0, 0, 0, 0, 0, 0, 0, 0, 0, 0]
[17, 30, 23, 32, 24, 4, 5, 23, 13, 29, 0, 0, 0, 0, 0]
[17, 30, 27, 2, 32, 0, 0, 0, 0, 0, 0, 0, 0, 0, 0]
[5, 23, 19, 31, 5, 32, 32, 0, 0, 0, 0, 0, 0, 0, 0]
[25, 2, 11, 3, 4, 5, 19, 0, 0, 0, 0, 0, 0, 0, 0]
[13, 3, 4, 4, 5, 23, 13, 2, 5, 32, 0, 0, 0, 0, 0]
[23, 2, 11, 5, 4, 0, 0, 0, 0, 0, 0, 0, 0, 0, 0]
[26, 13, 7, 23, 0, 0, 0, 0, 0, 0, 0, 0, 0, 0, 0]
[32, 3, 4, 27, 2, 27, 7, 4, 32, 0, 0, 0, 0, 0, 0]
[24, 7, 32, 2, 17, 2, 7, 23, 2, 23, 11, 0, 0, 0, 0]
[33, 5, 1, 17, 5, 4, 0, 0, 0, 0, 0, 0, 0, 0, 0]
[13, 7, 31, 7, 23, 29, 0, 0, 0, 0, 0, 0, 0, 0, 0]
[13, 23, 23, 7, 23, 0, 0, 0, 0, 0, 0, 0, 0, 0, 0]
[13, 2, 4, 13, 3, 32, 0, 0, 0, 0, 0, 0, 0, 0, 0]
[24, 4, 7, 28, 7, 17, 5, 19, 0, 0, 0, 0, 0, 0, 0]
[25, 7, 4, 26, 5, 32, 0, 0, 0, 0, 0, 0, 0, 0, 0]
[28, 7, 31, 19, 7, 27, 1, 0, 0, 0, 0, 0, 0, 0, 0]
[28, 5, 31, 0, 0, 0, 0, 0, 0, 0, 0, 0, 0, 0, 0]
[19, 5, 32, 13, 5, 23, 19, 2, 23, 11, 0, 0, 0, 0, 0]
[32, 24, 2, 23, 5, 0, 0, 0, 0, 0, 0, 0, 0, 0, 0]
[17, 4, 8, 17, 0, 0, 0, 0, 0, 0, 0, 0, 0, 0, 0]
[5, 23, 13, 31, 7, 32, 5, 19, 0, 0, 0, 0, 0, 0, 0]
[25, 5, 1, 17, 0, 0, 0, 0, 0, 0, 0, 0, 0, 0, 0]
[17, 5, 28, 24, 7, 30, 4, 31, 29, 0, 0, 0, 0, 0, 0]
[23, 17, 32, 13, 0, 0, 0, 0, 0, 0, 0, 0, 0, 0, 0]
[13, 7, 9, 5, 19, 0, 0, 0, 0, 0, 0, 0, 0, 0, 0]
[17, 30, 23, 32, 28, 2, 17, 0, 0, 0, 0, 0, 0, 0, 0]
[1, 24, 23, 2, 13, 0, 0, 0, 0, 0, 0, 0, 0, 0, 0]
[25, 1, 17, 17, 29, 0, 0, 0, 0, 0, 0, 0, 0, 0, 0]
[11, 5, 30, 31, 19, 0, 0, 0, 0, 0, 0, 0, 0, 0, 0]
[24, 4, 5, 32, 32, 5, 19, 0, 0, 0, 0, 0, 0, 0, 0]
[25, 4, 5, 35, 3, 5, 23, 13, 2, 5, 32, 0, 0, 0, 0]
[32, 13, 23, 23, 5, 19, 0, 0, 0, 0, 0, 0, 0, 0, 0]
[4, 5, 25, 31, 5, 13, 17, 2, 7, 23, 32, 0, 0, 0, 0]
[33, 3, 23, 11, 5, 4, 0, 0, 0, 0, 0, 0, 0, 0, 0]
[28, 4, 1, 33, 0, 0, 0, 0, 0, 0, 0, 0, 0, 0, 0]
[32, 2, 13, 0, 0, 0, 0, 0, 0, 0, 0, 0, 0, 0, 0]
[28, 3, 23, 2, 13, 2, 24, 31, 2, 17, 29, 0, 0, 0, 0]
[3, 32, 24, 32, 0, 0, 0, 0, 0, 0, 0, 0, 0, 0, 0]
[19, 5, 17, 5, 13, 17, 2, 27, 5, 0, 0, 0, 0, 0, 0]
[13, 5, 28, 5, 23, 17, 0, 0, 0, 0, 0, 0, 0, 0, 0]
[5, 15, 24, 5, 4, 5, 23, 13, 2, 23, 11, 0, 0, 0, 0]
[25, 2, 4, 5, 24, 31, 13, 5, 0, 0, 0, 0, 0, 0, 0]
[5, 23, 19, 7, 4, 32, 5, 28, 5, 23, 17, 0, 0, 0, 0]
[24, 31, 23, 23, 5, 4, 32, 0, 0, 0, 0, 0, 0, 0, 0]
[19, 2, 32, 24, 3, 17, 5, 32, 0, 0, 0, 0, 0, 0, 0]
[17, 5, 15, 17, 2, 31, 5, 32, 0, 0, 0, 0, 0, 0, 0]
[28, 2, 32, 32, 2, 31, 5, 0, 0, 0, 0, 0, 0, 0, 0]
[2, 23, 17, 30, 23, 5, 17, 0, 0, 0, 0, 0, 0, 0, 0]
[13, 31, 7, 32, 5, 32, 0, 0, 0, 0, 0, 0, 0, 0, 0]
[24, 32, 29, 14, 2, 1, 17, 4, 29, 0, 0, 0, 0, 0, 0]
[24, 5, 4, 32, 2, 32, 17, 5, 23, 17, 0, 0, 0, 0, 0]
[13, 7, 23, 25, 0, 0, 0, 0, 0, 0, 0, 0, 0, 0, 0]
[28, 4, 13, 7, 0, 0, 0, 0, 0, 0, 0, 0, 0, 0, 0]
[1, 32, 32, 2, 32, 17, 32, 0, 0, 0, 0, 0, 0, 0, 0]
[32, 3, 28, 28, 4, 5, 32, 0, 0, 0, 0, 0, 0, 0, 0]
[11, 31, 8, 0, 0, 0, 0, 0, 0, 0, 0, 0, 0, 0, 0]
[11, 26, 4, 5, 31, 0, 0, 0, 0, 0, 0, 0, 0, 0, 0]
[3, 28, 0, 0, 0, 0, 0, 0, 0, 0, 0, 0, 0, 0, 0]
[1, 35, 3, 1, 4, 3, 28, 0, 0, 0, 0, 0, 0, 0, 0]
[27, 2, 7, 31, 2, 23, 0, 0, 0, 0, 0, 0, 0, 0, 0]
[24, 4, 7, 25, 5, 17, 0, 0, 0, 0, 0, 0, 0, 0, 0]
[26, 30, 13, 9, 5, 17, 0, 0, 0, 0, 0, 0, 0, 0, 0]
[7, 15, 2, 19, 5, 0, 0, 0, 0, 0, 0, 0, 0, 0, 0]
[7, 1, 9, 32, 0, 0, 0, 0, 0, 0, 0, 0, 0, 0, 0]
[28, 11, 23, 2, 25, 2, 13, 5, 23, 17, 0, 0, 0, 0, 0]
[5, 4, 9, 0, 0, 0, 0, 0, 0, 0, 0, 0, 0, 0, 0]
[13, 7, 31, 31, 5, 1, 11, 3, 5, 0, 0, 0, 0, 0, 0]
[23, 24, 31, 5, 32, 0, 0, 0, 0, 0, 0, 0, 0, 0, 0]
[24, 4, 7, 28, 24, 17, 31, 29, 0, 0, 0, 0, 0, 0, 0]
[28, 7, 19, 5, 28, 32, 0, 0, 0, 0, 0, 0, 0, 0, 0]
[1, 19, 24, 17, 17, 2, 7, 23, 0, 0, 0, 0, 0, 0, 0]
[33, 4, 28, 25, 3, 31, 0, 0, 0, 0, 0, 0, 0, 0, 0]
[24, 2, 23, 17, 26, 31, 31, 0, 0, 0, 0, 0, 0, 0, 0]
[24, 4, 7, 15, 1, 13, 0, 0, 0, 0, 0, 0, 0, 0, 0]
[32, 5, 15, 3, 1, 31, 31, 29, 0, 0, 0, 0, 0, 0, 0]
[5, 23, 13, 31, 7, 32, 3, 4, 5, 0, 0, 0, 0, 0, 0]
[19, 2, 27, 2, 19, 5, 23, 19, 0, 0, 0, 0, 0, 0, 0]
[23, 5, 3, 1, 4, 9, 0, 0, 0, 0, 0, 0, 0, 0, 0]
[11, 31, 3, 13, 7, 32, 5, 0, 0, 0, 0, 0, 0, 0, 0]
[25, 23, 17, 7, 28, 0, 0, 0, 0, 0, 0, 0, 0, 0, 0]
[23, 7, 4, 28, 0, 0, 0, 0, 0, 0, 0, 0, 0, 0, 0]
[24, 31, 29, 26, 13, 9, 0, 0, 0, 0, 0, 0, 0, 0, 0]
[32, 3, 24, 5, 4, 27, 2, 32, 7, 4, 32, 0, 0, 0, 0]
[3, 5, 32, 17, 28, 2, 23, 32, 17, 5, 4, 0, 0, 0, 0]
[17, 3, 4, 17, 31, 5, 0, 0, 0, 0, 0, 0, 0, 0, 0]
[19, 2, 32, 17, 23, 13, 5, 32, 0, 0, 0, 0, 0, 0, 0]
[1, 26, 32, 7, 4, 24, 17, 2, 7, 23, 0, 0, 0, 0, 0]
[17, 4, 5, 1, 32, 3, 4, 5, 32, 0, 0, 0, 0, 0, 0]
[19, 32, 13, 0, 0, 0, 0, 0, 0, 0, 0, 0, 0, 0, 0]
[3, 1, 4, 23, 5, 19, 0, 0, 0, 0, 0, 0, 0, 0, 0]
[23, 5, 3, 30, 31, 0, 0, 0, 0, 0, 0, 0, 0, 0, 0]
[3, 1, 4, 5, 0, 0, 0, 0, 0, 0, 0, 0, 0, 0, 0]
[25, 7, 32, 32, 2, 31, 0, 0, 0, 0, 0, 0, 0, 0, 0]
[28, 2, 1, 0, 0, 0, 0, 0, 0, 0, 0, 0, 0, 0, 0]
[33, 7, 28, 5, 17, 8, 23, 0, 0, 0, 0, 0, 0, 0, 0]
[26, 19, 31, 29, 0, 0, 0, 0, 0, 0, 0, 0, 0, 0, 0]
[17, 30, 23, 32, 13, 4, 24, 17, 32, 0, 0, 0, 0, 0, 0]
[1, 24, 7, 31, 31, 7, 0, 0, 0, 0, 0, 0, 0, 0, 0]
[3, 1, 23, 0, 0, 0, 0, 0, 0, 0, 0, 0, 0, 0, 0]
[19, 2, 32, 24, 24, 6, 23, 17, 5, 19, 0, 0, 0, 0, 0]
[24, 5, 4, 32, 2, 1, 23, 0, 0, 0, 0, 0, 0, 0, 0]
[13, 7, 23, 17, 2, 23, 3, 1, 31, 31, 29, 0, 0, 0, 0]
[13, 7, 28, 28, 3, 23, 2, 32, 17, 0, 0, 0, 0, 0, 0]
[13, 7, 31, 31, 5, 13, 17, 2, 26, 31, 5, 0, 0, 0, 0]
[5, 23, 17, 4, 5, 24, 4, 5, 23, 5, 3, 4, 32, 0, 0]
[4, 7, 26, 7, 17, 32, 0, 0, 0, 0, 0, 0, 0, 0, 0]
[11, 4, 5, 23, 19, 0, 0, 0, 0, 0, 0, 0, 0, 0, 0]
[13, 4, 5, 1, 17, 2, 7, 23, 32, 0, 0, 0, 0, 0, 0]
[15, 19, 5, 0, 0, 0, 0, 0, 0, 0, 0, 0, 0, 0, 0]
[32, 13, 7, 24, 0, 0, 0, 0, 0, 0, 0, 0, 0, 0, 0]
[1, 13, 35, 3, 2, 32, 2, 17, 2, 7, 23, 32, 0, 0, 0]
[25, 8, 31, 0, 0, 0, 0, 0, 0, 0, 0, 0, 0, 0, 0]
[9, 5, 23, 7, 0, 0, 0, 0, 0, 0, 0, 0, 0, 0, 0]
[5, 1, 4, 23, 2, 23, 11, 0, 0, 0, 0, 0, 0, 0, 0]
[28, 2, 31, 28, 23, 0, 0, 0, 0, 0, 0, 0, 0, 0, 0]
[23, 5, 32, 17, 5, 19, 0, 0, 0, 0, 0, 0, 0, 0, 0]
[26, 2, 7, 19, 2, 27, 5, 4, 32, 2, 17, 29, 0, 0, 0]
[5, 15, 13, 2, 17, 5, 28, 5, 23, 17, 0, 0, 0, 0, 0]
[32, 7, 28, 31, 2, 1, 0, 0, 0, 0, 0, 0, 0, 0, 0]
[28, 7, 27, 5, 4, 32, 0, 0, 0, 0, 0, 0, 0, 0, 0]
[27, 5, 4, 26, 31, 0, 0, 0, 0, 0, 0, 0, 0, 0, 0]
[26, 31, 2, 23, 9, 0, 0, 0, 0, 0, 0, 0, 0, 0, 0]
[24, 4, 5, 32, 5, 23, 17, 31, 29, 0, 0, 0, 0, 0, 0]
[32, 5, 1, 32, 0, 0, 0, 0, 0, 0, 0, 0, 0, 0, 0]
[13, 4, 31, 7, 0, 0, 0, 0, 0, 0, 0, 0, 0, 0, 0]
[3, 7, 4, 9, 25, 31, 8, 0, 0, 0, 0, 0, 0, 0, 0]
[28, 29, 32, 17, 5, 4, 8, 32, 0, 0, 0, 0, 0, 0, 0]
[23, 7, 27, 5, 31, 17, 29, 0, 0, 0, 0, 0, 0, 0, 0]
[17, 2, 31, 5, 32, 0, 0, 0, 0, 0, 0, 0, 0, 0, 0]
[31, 2, 26, 30, 4, 1, 23, 0, 0, 0, 0, 0, 0, 0, 0]
[32, 3, 26, 32, 2, 19, 2, 1, 4, 5, 32, 0, 0, 0, 0]
[32, 3, 2, 17, 14, 5, 19, 0, 0, 0, 0, 0, 0, 0, 0]
[24, 7, 32, 5, 0, 0, 0, 0, 0, 0, 0, 0, 0, 0, 0]
[25, 3, 15, 15, 29, 0, 0, 0, 0, 0, 0, 0, 0, 0, 0]
[11, 30, 28, 32, 0, 0, 0, 0, 0, 0, 0, 0, 0, 0, 0]
[18, 5, 30, 24, 2, 32, 17, 0, 0, 0, 0, 0, 0, 0, 0]
[4, 14, 4, 19, 32, 0, 0, 0, 0, 0, 0, 0, 0, 0, 0]
[26, 3, 19, 11, 5, 17, 32, 0, 0, 0, 0, 0, 0, 0, 0]
[17, 7, 31, 9, 2, 17, 0, 0, 0, 0, 0, 0, 0, 0, 0]
[24, 4, 7, 28, 2, 32, 2, 23, 11, 0, 0, 0, 0, 0, 0]
[4, 5, 31, 15, 1, 17, 2, 7, 23, 0, 0, 0, 0, 0, 0]
[11, 7, 1, 17, 0, 0, 0, 0, 0, 0, 0, 0, 0, 0, 0]
[4, 5, 23, 19, 5, 4, 0, 0, 0, 0, 0, 0, 0, 0, 0]
[13, 4, 28, 5, 23, 0, 0, 0, 0, 0, 0, 0, 0, 0, 0]
[18, 5, 4, 5, 1, 25, 17, 5, 4, 0, 0, 0, 0, 0, 0]
[33, 4, 19, 3, 7, 19, 0, 0, 0, 0, 0, 0, 0, 0, 0]
[5, 4, 7, 17, 2, 13, 0, 0, 0, 0, 0, 0, 0, 0, 0]
[17, 5, 28, 24, 7, 30, 31, 0, 0, 0, 0, 0, 0, 0, 0]
[32, 2, 31, 0, 0, 0, 0, 0, 0, 0, 0, 0, 0, 0, 0]
[25, 7, 4, 11, 5, 0, 0, 0, 0, 0, 0, 0, 0, 0, 0]
[13, 7, 28, 28, 2, 32, 32, 2, 7, 23, 5, 4, 32, 0, 0]
[19, 5, 23, 32, 5, 0, 0, 0, 0, 0, 0, 0, 0, 0, 0]
[26, 30, 27, 5, 0, 0, 0, 0, 0, 0, 0, 0, 0, 0, 0]
[25, 7, 4, 3, 1, 4, 19, 2, 23, 11, 0, 0, 0, 0, 0]
[1, 3, 25, 3, 31, 0, 0, 0, 0, 0, 0, 0, 0, 0, 0]
[23, 2, 12, 17, 28, 4, 5, 0, 0, 0, 0, 0, 0, 0, 0]
[6, 4, 24, 31, 23, 5, 0, 0, 0, 0, 0, 0, 0, 0, 0]
[4, 5, 19, 3, 13, 17, 2, 7, 23, 32, 0, 0, 0, 0, 0]
[2, 28, 24, 7, 32, 5, 0, 0, 0, 0, 0, 0, 0, 0, 0]
[7, 4, 11, 23, 2, 32, 28, 32, 0, 0, 0, 0, 0, 0, 0]
[17, 5, 31, 5, 32, 13, 7, 24, 5, 0, 0, 0, 0, 0, 0]
[27, 2, 5, 3, 5, 4, 32, 0, 0, 0, 0, 0, 0, 0, 0]
[1, 32, 26, 5, 32, 17, 7, 32, 0, 0, 0, 0, 0, 0, 0]
[28, 5, 29, 5, 4, 0, 0, 0, 0, 0, 0, 0, 0, 0, 0]
[5, 23, 17, 5, 4, 32, 0, 0, 0, 0, 0, 0, 0, 0, 0]
[32, 27, 1, 11, 5, 0, 0, 0, 0, 0, 0, 0, 0, 0, 0]
[1, 19, 27, 1, 23, 13, 5, 28, 5, 23, 17, 0, 0, 0, 0]
[33, 30, 32, 32, 28, 5, 23, 17, 0, 0, 0, 0, 0, 0, 0]
[3, 2, 31, 31, 8, 0, 0, 0, 0, 0, 0, 0, 0, 0, 0]
[4, 5, 32, 3, 28, 5, 32, 0, 0, 0, 0, 0, 0, 0, 0]
[26, 7, 31, 17, 0, 0, 0, 0, 0, 0, 0, 0, 0, 0, 0]
[18, 4, 8, 2, 23, 11, 0, 0, 0, 0, 0, 0, 0, 0, 0]
[5, 15, 2, 32, 17, 5, 19, 0, 0, 0, 0, 0, 0, 0, 0]
[11, 5, 23, 5, 30, 17, 7, 4, 32, 0, 0, 0, 0, 0, 0]
[3, 1, 11, 7, 23, 0, 0, 0, 0, 0, 0, 0, 0, 0, 0]
[26, 4, 26, 2, 5, 0, 0, 0, 0, 0, 0, 0, 0, 0, 0]
[25, 1, 27, 8, 4, 0, 0, 0, 0, 0, 0, 0, 0, 0, 0]
[9, 23, 7, 13, 9, 0, 0, 0, 0, 0, 0, 0, 0, 0, 0]
[3, 4, 11, 5, 0, 0, 0, 0, 0, 0, 0, 0, 0, 0, 0]
[11, 5, 23, 5, 30, 17, 5, 32, 0, 0, 0, 0, 0, 0, 0]
[24, 7, 17, 17, 7, 5, 32, 0, 0, 0, 0, 0, 0, 0, 0]
[18, 7, 4, 8, 12, 0, 0, 0, 0, 0, 0, 0, 0, 0, 0]
[4, 5, 24, 31, 2, 13, 17, 2, 7, 23, 0, 0, 0, 0, 0]
[2, 23, 5, 15, 24, 5, 23, 32, 2, 27, 5, 0, 0, 0, 0]
[4, 5, 13, 5, 24, 17, 7, 4, 32, 0, 0, 0, 0, 0, 0]
[24, 2, 4, 32, 0, 0, 0, 0, 0, 0, 0, 0, 0, 0, 0]
[4, 7, 31, 23, 19, 0, 0, 0, 0, 0, 0, 0, 0, 0, 0]
[7, 24, 17, 2, 28, 3, 28, 0, 0, 0, 0, 0, 0, 0, 0]
[23, 5, 7, 23, 0, 0, 0, 0, 0, 0, 0, 0, 0, 0, 0]
[2, 23, 17, 5, 4, 27, 5, 23, 17, 2, 7, 23, 32, 0, 0]
[35, 3, 2, 31, 17, 0, 0, 0, 0, 0, 0, 0, 0, 0, 0]
[13, 4, 5, 1, 17, 3, 4, 5, 0, 0, 0, 0, 0, 0, 0]
[8, 4, 32, 0, 0, 0, 0, 0, 0, 0, 0, 0, 0, 0, 0]
[23, 17, 2, 7, 23, 32, 0, 0, 0, 0, 0, 0, 0, 0, 0]
[23, 17, 2, 7, 23, 3, 2, 19, 5, 0, 0, 0, 0, 0, 0]
[23, 17, 2, 27, 5, 0, 0, 0, 0, 0, 0, 0, 0, 0, 0]
[28, 8, 23, 17, 32, 0, 0, 0, 0, 0, 0, 0, 0, 0, 0]
[2, 23, 17, 5, 4, 23, 32, 2, 24, 0, 0, 0, 0, 0, 0]
[31, 7, 23, 5, 0, 0, 0, 0, 0, 0, 0, 0, 0, 0, 0]
[4, 5, 25, 4, 5, 32, 0, 0, 0, 0, 0, 0, 0, 0, 0]
[1, 31, 3, 28, 2, 23, 2, 3, 28, 0, 0, 0, 0, 0, 0]
[32, 23, 8, 26, 7, 1, 4, 19, 0, 0, 0, 0, 0, 0, 0]
[5, 27, 1, 23, 5, 32, 13, 5, 23, 13, 5, 0, 0, 0, 0]
[32, 3, 26, 17, 31, 5, 0, 0, 0, 0, 0, 0, 0, 0, 0]
[13, 7, 4, 19, 2, 23, 17, 5, 19, 0, 0, 0, 0, 0, 0]
[32, 2, 24, 28, 5, 23, 17, 32, 0, 0, 0, 0, 0, 0, 0]
[32, 17, 4, 24, 5, 32, 0, 0, 0, 0, 0, 0, 0, 0, 0]
[25, 2, 4, 28, 3, 1, 4, 5, 0, 0, 0, 0, 0, 0, 0]
[1, 23, 17, 4, 13, 17, 2, 13, 0, 0, 0, 0, 0, 0, 0]
[13, 7, 24, 5, 0, 0, 0, 0, 0, 0, 0, 0, 0, 0, 0]
[32, 5, 25, 5, 4, 19, 0, 0, 0, 0, 0, 0, 0, 0, 0]
[13, 30, 19, 31, 5, 0, 0, 0, 0, 0, 0, 0, 0, 0, 0]
[14, 23, 13, 5, 31, 31, 7, 4, 0, 0, 0, 0, 0, 0, 0]
[31, 2, 28, 5, 0, 0, 0, 0, 0, 0, 0, 0, 0, 0, 0]
[25, 31, 8, 4, 0, 0, 0, 0, 0, 0, 0, 0, 0, 0, 0]
[13, 7, 23, 17, 4, 7, 27, 5, 4, 32, 29, 0, 0, 0, 0]
[31, 5, 11, 5, 23, 19, 4, 29, 0, 0, 0, 0, 0, 0, 0]
[32, 29, 28, 24, 18, 29, 0, 0, 0, 0, 0, 0, 0, 0, 0]
[14, 6, 4, 0, 0, 0, 0, 0, 0, 0, 0, 0, 0, 0, 0]
[1, 27, 6, 19, 2, 23, 11, 0, 0, 0, 0, 0, 0, 0, 0]
[26, 5, 8, 17, 2, 25, 3, 31, 31, 29, 0, 0, 0, 0, 0]
[5, 15, 24, 5, 13, 17, 32, 0, 0, 0, 0, 0, 0, 0, 0]
[15, 3, 28, 24, 2, 23, 11, 0, 0, 0, 0, 0, 0, 0, 0]
[25, 1, 26, 4, 13, 32, 0, 0, 0, 0, 0, 0, 0, 0, 0]
[1, 23, 17, 2, 26, 7, 19, 2, 5, 32, 0, 0, 0, 0, 0]
[24, 7, 31, 29, 28, 5, 4, 0, 0, 0, 0, 0, 0, 0, 0]
[33, 29, 11, 2, 5, 23, 5, 0, 0, 0, 0, 0, 0, 0, 0]
[3, 2, 17, 0, 0, 0, 0, 0, 0, 0, 0, 0, 0, 0, 0]
[24, 8, 31, 17, 4, 29, 0, 0, 0, 0, 0, 0, 0, 0, 0]
[27, 2, 4, 17, 3, 5, 0, 0, 0, 0, 0, 0, 0, 0, 0]
[26, 3, 4, 32, 17, 0, 0, 0, 0, 0, 0, 0, 0, 0, 0]
[5, 15, 1, 28, 2, 23, 17, 2, 7, 23, 32, 0, 0, 0, 0]
[32, 3, 4, 11, 5, 7, 23, 32, 0, 0, 0, 0, 0, 0, 0]
[26, 8, 35, 3, 5, 17, 0, 0, 0, 0, 0, 0, 0, 0, 0]
[2, 28, 28, 3, 23, 7, 31, 7, 11, 29, 0, 0, 0, 0, 0]
[24, 4, 7, 28, 7, 17, 5, 32, 0, 0, 0, 0, 0, 0, 0]
[28, 23, 19, 17, 5, 0, 0, 0, 0, 0, 0, 0, 0, 0, 0]
[3, 2, 31, 5, 29, 0, 0, 0, 0, 0, 0, 0, 0, 0, 0]
[19, 5, 24, 4, 17, 28, 5, 23, 17, 31, 0, 0, 0, 0, 0]
[32, 24, 32, 0, 0, 0, 0, 0, 0, 0, 0, 0, 0, 0, 0]
[13, 7, 4, 24, 3, 32, 0, 0, 0, 0, 0, 0, 0, 0, 0]
[15, 7, 33, 23, 32, 17, 7, 23, 0, 0, 0, 0, 0, 0, 0]
[17, 5, 4, 28, 2, 23, 7, 31, 7, 11, 29, 0, 0, 0, 0]
[11, 5, 23, 17, 31, 5, 28, 23, 0, 0, 0, 0, 0, 0, 0]
[25, 2, 26, 4, 5, 0, 0, 0, 0, 0, 0, 0, 0, 0, 0]
[4, 5, 24, 4, 7, 19, 3, 13, 5, 0, 0, 0, 0, 0, 0]
[13, 7, 23, 27, 2, 13, 17, 5, 19, 0, 0, 0, 0, 0, 0]
[32, 1, 19, 5, 32, 0, 0, 0, 0, 0, 0, 0, 0, 0, 0]
[15, 5, 17, 32, 0, 0, 0, 0, 0, 0, 0, 0, 0, 0, 0]
[2, 23, 19, 2, 13, 5, 32, 0, 0, 0, 0, 0, 0, 0, 0]
[4, 7, 28, 28, 17, 5, 32, 0, 0, 0, 0, 0, 0, 0, 0]
[18, 4, 5, 1, 17, 5, 23, 2, 23, 11, 0, 0, 0, 0, 0]
[32, 24, 7, 9, 5, 32, 28, 23, 0, 0, 0, 0, 0, 0, 0]
[1, 13, 17, 2, 27, 2, 32, 17, 32, 0, 0, 0, 0, 0, 0]
[24, 4, 32, 7, 23, 5, 4, 0, 0, 0, 0, 0, 0, 0, 0]
[19, 2, 32, 29, 0, 0, 0, 0, 0, 0, 0, 0, 0, 0, 0]
[5, 23, 13, 8, 30, 11, 5, 32, 0, 0, 0, 0, 0, 0, 0]
[13, 3, 4, 32, 7, 4, 0, 0, 0, 0, 0, 0, 0, 0, 0]
[1, 32, 32, 5, 28, 26, 31, 5, 19, 0, 0, 0, 0, 0, 0]
[5, 1, 4, 31, 2, 5, 32, 17, 0, 0, 0, 0, 0, 0, 0]
[19, 7, 23, 17, 5, 19, 0, 0, 0, 0, 0, 0, 0, 0, 0]
[32, 17, 3, 25, 25, 5, 19, 0, 0, 0, 0, 0, 0, 0, 0]
[4, 5, 32, 17, 4, 3, 13, 17, 3, 4, 23, 11, 0, 0, 0]
[2, 23, 32, 5, 13, 17, 32, 0, 0, 0, 0, 0, 0, 0, 0]
[17, 5, 4, 28, 2, 23, 31, 32, 0, 0, 0, 0, 0, 0, 0]
[13, 4, 3, 19, 5, 0, 0, 0, 0, 0, 0, 0, 0, 0, 0]
[28, 2, 19, 5, 23, 0, 0, 0, 0, 0, 0, 0, 0, 0, 0]
[32, 2, 28, 3, 31, 17, 2, 7, 23, 32, 0, 0, 0, 0, 0]
[32, 3, 25, 25, 2, 13, 2, 5, 23, 17, 31, 29, 0, 0, 0]
[5, 15, 1, 28, 2, 23, 5, 32, 0, 0, 0, 0, 0, 0, 0]
[27, 2, 9, 2, 23, 11, 0, 0, 0, 0, 0, 0, 0, 0, 0]
[26, 7, 4, 5, 19, 0, 0, 0, 0, 0, 0, 0, 0, 0, 0]
[13, 31, 5, 1, 23, 3, 24, 0, 0, 0, 0, 0, 0, 0, 0]
[29, 4, 23, 0, 0, 0, 0, 0, 0, 0, 0, 0, 0, 0, 0]
[9, 23, 2, 17, 0, 0, 0, 0, 0, 0, 0, 0, 0, 0, 0]
[13, 7, 23, 19, 2, 17, 2, 7, 23, 31, 0, 0, 0, 0, 0]
[28, 3, 11, 0, 0, 0, 0, 0, 0, 0, 0, 0, 0, 0, 0]
[13, 4, 7, 32, 32, 3, 7, 4, 19, 0, 0, 0, 0, 0, 0]
[26, 7, 18, 5, 4, 0, 0, 0, 0, 0, 0, 0, 0, 0, 0]
[13, 7, 23, 13, 5, 24, 17, 3, 1, 31, 0, 0, 0, 0, 0]
[9, 23, 2, 17, 17, 2, 23, 11, 0, 0, 0, 0, 0, 0, 0]
[1, 17, 17, 13, 9, 5, 19, 0, 0, 0, 0, 0, 0, 0, 0]
[28, 17, 2, 23, 11, 0, 0, 0, 0, 0, 0, 0, 0, 0, 0]
[13, 7, 28, 24, 3, 17, 5, 0, 0, 0, 0, 0, 0, 0, 0]
[4, 5, 20, 5, 1, 19, 0, 0, 0, 0, 0, 0, 0, 0, 0]
[1, 4, 4, 27, 5, 32, 0, 0, 0, 0, 0, 0, 0, 0, 0]
[17, 30, 23, 32, 31, 17, 7, 4, 0, 0, 0, 0, 0, 0, 0]
[8, 17, 7, 28, 7, 26, 2, 31, 5, 32, 0, 0, 0, 0, 0]
[17, 30, 13, 17, 7, 4, 0, 0, 0, 0, 0, 0, 0, 0, 0]
[13, 7, 23, 17, 2, 23, 5, 23, 17, 0, 0, 0, 0, 0, 0]
[3, 23, 3, 30, 24, 0, 0, 0, 0, 0, 0, 0, 0, 0, 0]
[25, 1, 4, 5, 32, 0, 0, 0, 0, 0, 0, 0, 0, 0, 0]
[31, 7, 23, 11, 2, 17, 3, 19, 5, 0, 0, 0, 0, 0, 0]
[4, 5, 32, 2, 32, 17, 0, 0, 0, 0, 0, 0, 0, 0, 0]
[14, 31, 31, 5, 23, 11, 5, 19, 0, 0, 0, 0, 0, 0, 0]
[33, 7, 24, 5, 19, 0, 0, 0, 0, 0, 0, 0, 0, 0, 0]
[24, 2, 9, 5, 0, 0, 0, 0, 0, 0, 0, 0, 0, 0, 0]
[32, 25, 5, 4, 0, 0, 0, 0, 0, 0, 0, 0, 0, 0, 0]
[2, 23, 32, 5, 4, 17, 2, 7, 23, 0, 0, 0, 0, 0, 0]
[2, 23, 32, 17, 4, 3, 28, 5, 23, 17, 17, 2, 7, 23, 0]
[3, 1, 11, 23, 5, 4, 0, 0, 0, 0, 0, 0, 0, 0, 0]
[13, 7, 23, 32, 17, 30, 2, 23, 17, 0, 0, 0, 0, 0, 0]
[11, 4, 8, 23, 19, 3, 1, 17, 5, 4, 0, 0, 0, 0, 0]
[17, 8, 14, 5, 19, 0, 0, 0, 0, 0, 0, 0, 0, 0, 0]
[32, 17, 4, 5, 23, 11, 18, 5, 23, 2, 23, 11, 0, 0, 0]
[13, 7, 31, 7, 11, 23, 5, 0, 0, 0, 0, 0, 0, 0, 0]
[3, 2, 32, 2, 23, 11, 0, 0, 0, 0, 0, 0, 0, 0, 0]
[30, 23, 11, 5, 4, 0, 0, 0, 0, 0, 0, 0, 0, 0, 0]
[32, 28, 31, 31, 5, 32, 17, 0, 0, 0, 0, 0, 0, 0, 0]
[32, 3, 24, 5, 4, 0, 0, 0, 0, 0, 0, 0, 0, 0, 0]
[32, 3, 24, 5, 4, 7, 4, 0, 0, 0, 0, 0, 0, 0, 0]
[32, 3, 24, 5, 4, 27, 2, 32, 2, 7, 23, 0, 0, 0, 0]
[32, 3, 24, 5, 4, 27, 2, 32, 7, 4, 0, 0, 0, 0, 0]
[2, 23, 32, 3, 31, 17, 2, 7, 23, 0, 0, 0, 0, 0, 0]
[28, 4, 32, 0, 0, 0, 0, 0, 0, 0, 0, 0, 0, 0, 0]
[32, 13, 4, 5, 19, 0, 0, 0, 0, 0, 0, 0, 0, 0, 0]
[2, 23, 25, 4, 23, 11, 5, 28, 5, 23, 17, 0, 0, 0, 0]
[26, 5, 23, 17, 0, 0, 0, 0, 0, 0, 0, 0, 0, 0, 0]
[32, 3, 26, 15, 5, 13, 17, 2, 27, 5, 0, 0, 0, 0, 0]
[28, 7, 23, 32, 17, 5, 4, 32, 0, 0, 0, 0, 0, 0, 0]
[1, 32, 29, 31, 3, 28, 0, 0, 0, 0, 0, 0, 0, 0, 0]
[31, 2, 12, 17, 26, 7, 15, 0, 0, 0, 0, 0, 0, 0, 0]
[4, 7, 26, 26, 2, 5, 0, 0, 0, 0, 0, 0, 0, 0, 0]
[32, 17, 9, 5, 0, 0, 0, 0, 0, 0, 0, 0, 0, 0, 0]
[13, 7, 13, 9, 17, 2, 31, 0, 0, 0, 0, 0, 0, 0, 0]
[8, 17, 31, 5, 17, 32, 0, 0, 0, 0, 0, 0, 0, 0, 0]
[27, 1, 4, 5, 17, 2, 5, 32, 0, 0, 0, 0, 0, 0, 0]
[1, 4, 26, 7, 4, 0, 0, 0, 0, 0, 0, 0, 0, 0, 0]
[13, 7, 23, 25, 2, 11, 3, 30, 17, 2, 7, 23, 32, 0, 0]
[24, 6, 32, 7, 23, 0, 0, 0, 0, 0, 0, 0, 0, 0, 0]
[33, 7, 32, 17, 5, 31, 0, 0, 0, 0, 0, 0, 0, 0, 0]
[33, 8, 32, 5, 3, 2, 27, 5, 32, 0, 0, 0, 0, 0, 0]
[5, 28, 24, 31, 7, 29, 0, 0, 0, 0, 0, 0, 0, 0, 0]
[24, 5, 23, 11, 3, 2, 23, 0, 0, 0, 0, 0, 0, 0, 0]
[28, 11, 2, 13, 31, 0, 0, 0, 0, 0, 0, 0, 0, 0, 0]
[2, 23, 25, 31, 3, 5, 23, 13, 5, 32, 0, 0, 0, 0, 0]
[2, 23, 32, 24, 5, 13, 17, 2, 7, 23, 32, 0, 0, 0, 0]
[2, 4, 4, 11, 17, 2, 7, 23, 0, 0, 0, 0, 0, 0, 0]
[28, 2, 30, 13, 31, 5, 0, 0, 0, 0, 0, 0, 0, 0, 0]
[28, 23, 3, 1, 31, 31, 29, 0, 0, 0, 0, 0, 0, 0, 0]
[4, 5, 24, 4, 23, 17, 0, 0, 0, 0, 0, 0, 0, 0, 0]
[33, 29, 19, 30, 3, 31, 2, 13, 0, 0, 0, 0, 0, 0, 0]
[13, 5, 23, 17, 5, 4, 5, 19, 0, 0, 0, 0, 0, 0, 0]
[25, 31, 5, 15, 0, 0, 0, 0, 0, 0, 0, 0, 0, 0, 0]
[29, 5, 1, 4, 31, 29, 0, 0, 0, 0, 0, 0, 0, 0, 0]
[24, 5, 23, 5, 17, 30, 17, 2, 7, 23, 0, 0, 0, 0, 0]
[3, 8, 23, 19, 0, 0, 0, 0, 0, 0, 0, 0, 0, 0, 0]
[13, 7, 23, 27, 2, 13, 17, 2, 7, 23, 0, 0, 0, 0, 0]
[33, 32, 0, 0, 0, 0, 0, 0, 0, 0, 0, 0, 0, 0, 0]
[7, 28, 2, 32, 32, 2, 7, 23, 32, 0, 0, 0, 0, 0, 0]
[3, 4, 17, 2, 23, 11, 32, 0, 0, 0, 0, 0, 0, 0, 0]
[31, 15, 29, 0, 0, 0, 0, 0, 0, 0, 0, 0, 0, 0, 0]
[4, 5, 17, 4, 5, 27, 1, 31, 0, 0, 0, 0, 0, 0, 0]
[35, 3, 1, 31, 2, 17, 2, 5, 32, 0, 0, 0, 0, 0, 0]
[13, 2, 23, 19, 29, 0, 0, 0, 0, 0, 0, 0, 0, 0, 0]
[25, 1, 18, 5, 4, 32, 0, 0, 0, 0, 0, 0, 0, 0, 0]
[14, 4, 11, 2, 23, 11, 0, 0, 0, 0, 0, 0, 0, 0, 0]
[28, 4, 27, 5, 31, 0, 0, 0, 0, 0, 0, 0, 0, 0, 0]
[31, 2, 23, 5, 19, 0, 0, 0, 0, 0, 0, 0, 0, 0, 0]
[24, 4, 7, 17, 7, 17, 29, 24, 5, 0, 0, 0, 0, 0, 0]
[2, 28, 24, 7, 4, 17, 23, 17, 31, 29, 0, 0, 0, 0, 0]
[24, 5, 17, 2, 17, 5, 0, 0, 0, 0, 0, 0, 0, 0, 0]
[1, 24, 24, 30, 17, 3, 32, 0, 0, 0, 0, 0, 0, 0, 0]
[17, 5, 4, 30, 2, 23, 0, 0, 0, 0, 0, 0, 0, 0, 0]
[24, 5, 23, 32, 0, 0, 0, 0, 0, 0, 0, 0, 0, 0, 0]
[5, 15, 24, 31, 2, 23, 2, 23, 11, 0, 0, 0, 0, 0, 0]
[32, 17, 4, 24, 32, 0, 0, 0, 0, 0, 0, 0, 0, 0, 0]
[11, 7, 32, 32, 2, 24, 0, 0, 0, 0, 0, 0, 0, 0, 0]
[30, 23, 11, 5, 4, 32, 0, 0, 0, 0, 0, 0, 0, 0, 0]
[23, 7, 28, 2, 23, 17, 2, 7, 23, 0, 0, 0, 0, 0, 0]
[5, 28, 24, 2, 4, 13, 31, 0, 0, 0, 0, 0, 0, 0, 0]
[4, 7, 17, 4, 29, 0, 0, 0, 0, 0, 0, 0, 0, 0, 0]
[3, 7, 4, 28, 0, 0, 0, 0, 0, 0, 0, 0, 0, 0, 0]
[19, 5, 24, 5, 23, 19, 5, 23, 13, 5, 0, 0, 0, 0, 0]
[19, 2, 32, 13, 4, 5, 17, 5, 0, 0, 0, 0, 0, 0, 0]
[26, 5, 11, 2, 23, 23, 5, 4, 0, 0, 0, 0, 0, 0, 0]
[31, 2, 19, 0, 0, 0, 0, 0, 0, 0, 0, 0, 0, 0, 0]
[32, 5, 15, 3, 1, 31, 2, 17, 29, 0, 0, 0, 0, 0, 0]
[24, 7, 31, 29, 5, 32, 17, 5, 4, 0, 0, 0, 0, 0, 0]
[13, 3, 26, 2, 13, 0, 0, 0, 0, 0, 0, 0, 0, 0, 0]
[19, 5, 1, 25, 0, 0, 0, 0, 0, 0, 0, 0, 0, 0, 0]
[13, 7, 28, 28, 2, 17, 28, 5, 23, 17, 32, 0, 0, 0, 0]
[32, 3, 11, 11, 5, 32, 17, 2, 23, 11, 0, 0, 0, 0, 0]
[32, 24, 25, 2, 4, 5, 0, 0, 0, 0, 0, 0, 0, 0, 0]
[32, 9, 2, 4, 17, 32, 0, 0, 0, 0, 0, 0, 0, 0, 0]
[28, 17, 32, 0, 0, 0, 0, 0, 0, 0, 0, 0, 0, 0, 0]
[4, 5, 28, 2, 23, 19, 5, 4, 0, 0, 0, 0, 0, 0, 0]
[31, 26, 5, 31, 5, 19, 0, 0, 0, 0, 0, 0, 0, 0, 0]
[24, 4, 27, 2, 31, 5, 11, 5, 32, 0, 0, 0, 0, 0, 0]
[17, 5, 31, 5, 27, 2, 32, 2, 7, 23, 32, 0, 0, 0, 0]
[32, 24, 5, 13, 2, 1, 31, 2, 15, 2, 23, 11, 0, 0, 0]
[28, 4, 9, 2, 23, 11, 0, 0, 0, 0, 0, 0, 0, 0, 0]
[13, 7, 28, 28, 7, 19, 2, 17, 2, 5, 32, 0, 0, 0, 0]
[19, 5, 13, 31, 2, 23, 5, 19, 0, 0, 0, 0, 0, 0, 0]
[32, 24, 2, 5, 32, 0, 0, 0, 0, 0, 0, 0, 0, 0, 0]
[28, 2, 28, 5, 0, 0, 0, 0, 0, 0, 0, 0, 0, 0, 0]
[23, 5, 2, 12, 26, 7, 4, 0, 0, 0, 0, 0, 0, 0, 0]
[28, 7, 17, 7, 4, 13, 29, 13, 31, 5, 32, 0, 0, 0, 0]
[5, 31, 5, 13, 17, 0, 0, 0, 0, 0, 0, 0, 0, 0, 0]
[33, 2, 12, 3, 1, 29, 32, 0, 0, 0, 0, 0, 0, 0, 0]
[18, 2, 23, 9, 24, 19, 0, 0, 0, 0, 0, 0, 0, 0, 0]
[13, 7, 23, 13, 5, 23, 17, 30, 17, 5, 0, 0, 0, 0, 0]
[2, 23, 17, 2, 28, 17, 5, 0, 0, 0, 0, 0, 0, 0, 0]
[4, 5, 24, 4, 7, 19, 3, 13, 17, 2, 27, 5, 0, 0, 0]
[24, 4, 5, 32, 17, 7, 23, 0, 0, 0, 0, 0, 0, 0, 0]
[19, 5, 1, 19, 31, 29, 0, 0, 0, 0, 0, 0, 0, 0, 0]
[26, 3, 23, 23, 29, 0, 0, 0, 0, 0, 0, 0, 0, 0, 0]
[28, 7, 31, 5, 13, 3, 31, 5, 32, 0, 0, 0, 0, 0, 0]
[4, 8, 23, 19, 32, 0, 0, 0, 0, 0, 0, 0, 0, 0, 0]
[31, 7, 23, 11, 5, 32, 17, 0, 0, 0, 0, 0, 0, 0, 0]
[4, 5, 25, 4, 11, 5, 30, 17, 7, 4, 0, 0, 0, 0, 0]
[2, 23, 17, 5, 4, 27, 1, 31, 32, 0, 0, 0, 0, 0, 0]
[32, 5, 23, 17, 5, 23, 13, 5, 32, 0, 0, 0, 0, 0, 0]
[19, 5, 23, 17, 2, 32, 17, 32, 0, 0, 0, 0, 0, 0, 0]
[5, 15, 13, 31, 3, 32, 2, 7, 23, 0, 0, 0, 0, 0, 0]
[3, 7, 4, 9, 32, 17, 17, 2, 7, 23, 0, 0, 0, 0, 0]
[33, 7, 31, 7, 13, 3, 32, 17, 0, 0, 0, 0, 0, 0, 0]
[9, 2, 23, 0, 0, 0, 0, 0, 0, 0, 0, 0, 0, 0, 0]
[24, 5, 1, 32, 0, 0, 0, 0, 0, 0, 0, 0, 0, 0, 0]
[19, 7, 32, 11, 5, 0, 0, 0, 0, 0, 0, 0, 0, 0, 0]
[4, 5, 13, 5, 2, 27, 5, 4, 32, 0, 0, 0, 0, 0, 0]
[13, 3, 32, 17, 7, 28, 2, 32, 5, 0, 0, 0, 0, 0, 0]
[19, 2, 32, 24, 7, 32, 2, 17, 2, 7, 23, 0, 0, 0, 0]
[27, 1, 4, 1, 23, 13, 5, 0, 0, 0, 0, 0, 0, 0, 0]
[23, 27, 2, 11, 17, 7, 4, 0, 0, 0, 0, 0, 0, 0, 0]
[2, 23, 27, 5, 32, 17, 2, 11, 17, 7, 4, 32, 0, 0, 0]
[13, 28, 5, 4, 7, 23, 0, 0, 0, 0, 0, 0, 0, 0, 0]
[26, 9, 2, 23, 11, 0, 0, 0, 0, 0, 0, 0, 0, 0, 0]
[28, 4, 15, 3, 1, 23, 0, 0, 0, 0, 0, 0, 0, 0, 0]
[1, 19, 24, 17, 2, 27, 5, 0, 0, 0, 0, 0, 0, 0, 0]
[13, 7, 28, 24, 3, 17, 5, 19, 0, 0, 0, 0, 0, 0, 0]
[23, 2, 19, 31, 5, 0, 0, 0, 0, 0, 0, 0, 0, 0, 0]
[26, 18, 32, 0, 0, 0, 0, 0, 0, 0, 0, 0, 0, 0, 0]
[13, 18, 5, 19, 30, 31, 0, 0, 0, 0, 0, 0, 0, 0, 0]
[26, 30, 9, 5, 32, 0, 0, 0, 0, 0, 0, 0, 0, 0, 0]
[23, 2, 4, 27, 1, 23, 0, 0, 0, 0, 0, 0, 0, 0, 0]
[8, 23, 32, 0, 0, 0, 0, 0, 0, 0, 0, 0, 0, 0, 0]
[32, 17, 2, 13, 9, 29, 0, 0, 0, 0, 0, 0, 0, 0, 0]
[19, 5, 32, 17, 2, 23, 29, 0, 0, 0, 0, 0, 0, 0, 0]
[11, 5, 23, 5, 4, 8, 32, 0, 0, 0, 0, 0, 0, 0, 0]
[28, 19, 23, 5, 32, 32, 0, 0, 0, 0, 0, 0, 0, 0, 0]
[13, 31, 2, 28, 26, 0, 0, 0, 0, 0, 0, 0, 0, 0, 0]
[26, 31, 8, 2, 23, 11, 0, 0, 0, 0, 0, 0, 0, 0, 0]
[25, 1, 32, 13, 2, 23, 17, 2, 23, 11, 0, 0, 0, 0, 0]
[31, 23, 19, 32, 13, 24, 5, 32, 0, 0, 0, 0, 0, 0, 0]
[33, 5, 1, 17, 5, 19, 0, 0, 0, 0, 0, 0, 0, 0, 0]
[15, 13, 9, 2, 5, 0, 0, 0, 0, 0, 0, 0, 0, 0, 0]
[13, 7, 28, 24, 3, 17, 17, 2, 7, 23, 0, 0, 0, 0, 0]
[33, 29, 0, 0, 0, 0, 0, 0, 0, 0, 0, 0, 0, 0, 0]
[13, 4, 19, 2, 7, 27, 1, 32, 13, 3, 31, 4, 0, 0, 0]
[13, 4, 19, 2, 1, 13, 0, 0, 0, 0, 0, 0, 0, 0, 0]
[32, 31, 27, 1, 17, 2, 7, 23, 0, 0, 0, 0, 0, 0, 0]
[19, 7, 27, 5, 4, 0, 0, 0, 0, 0, 0, 0, 0, 0, 0]
[1, 19, 4, 1, 23, 0, 0, 0, 0, 0, 0, 0, 0, 0, 0]
[24, 4, 5, 19, 2, 13, 17, 2, 7, 23, 32, 0, 0, 0, 0]
[1, 13, 13, 7, 28, 24, 23, 29, 2, 23, 11, 0, 0, 0, 0]
[27, 1, 17, 2, 13, 23, 0, 0, 0, 0, 0, 0, 0, 0, 0]
[26, 4, 3, 17, 31, 0, 0, 0, 0, 0, 0, 0, 0, 0, 0]
[31, 5, 1, 4, 23, 5, 4, 32, 0, 0, 0, 0, 0, 0, 0]
[32, 5, 31, 5, 13, 17, 2, 27, 5, 0, 0, 0, 0, 0, 0]
[1, 4, 26, 2, 17, 30, 17, 2, 7, 23, 0, 0, 0, 0, 0]
[13, 7, 23, 25, 2, 11, 3, 4, 23, 11, 0, 0, 0, 0, 0]
[17, 7, 9, 5, 23, 0, 0, 0, 0, 0, 0, 0, 0, 0, 0]
[5, 19, 2, 17, 7, 4, 1, 31, 32, 0, 0, 0, 0, 0, 0]
[15, 2, 23, 13, 0, 0, 0, 0, 0, 0, 0, 0, 0, 0, 0]
[32, 13, 4, 25, 2, 13, 5, 0, 0, 0, 0, 0, 0, 0, 0]
[24, 4, 7, 15, 5, 13, 17, 2, 7, 23, 0, 0, 0, 0, 0]
[24, 4, 7, 15, 5, 13, 17, 7, 4, 0, 0, 0, 0, 0, 0]
[24, 4, 7, 15, 5, 13, 17, 32, 0, 0, 0, 0, 0, 0, 0]
[32, 2, 9, 5, 4, 32, 0, 0, 0, 0, 0, 0, 0, 0, 0]
[4, 5, 28, 7, 27, 1, 26, 31, 5, 0, 0, 0, 0, 0, 0]
[13, 7, 23, 27, 5, 4, 11, 5, 23, 13, 5, 0, 0, 0, 0]
[29, 2, 5, 31, 19, 32, 0, 0, 0, 0, 0, 0, 0, 0, 0]
[31, 5, 27, 29, 0, 0, 0, 0, 0, 0, 0, 0, 0, 0, 0]
[32, 3, 2, 17, 5, 19, 0, 0, 0, 0, 0, 0, 0, 0, 0]
[23, 3, 28, 5, 4, 13, 0, 0, 0, 0, 0, 0, 0, 0, 0]
[1, 23, 18, 4, 7, 24, 7, 31, 7, 11, 29, 0, 0, 0, 0]
[32, 9, 17, 2, 23, 11, 0, 0, 0, 0, 0, 0, 0, 0, 0]
[9, 2, 23, 19, 0, 0, 0, 0, 0, 0, 0, 0, 0, 0, 0]
[5, 28, 24, 5, 4, 7, 4, 0, 0, 0, 0, 0, 0, 0, 0]
[11, 30, 19, 0, 0, 0, 0, 0, 0, 0, 0, 0, 0, 0, 0]
[28, 31, 24, 30, 13, 17, 2, 13, 5, 0, 0, 0, 0, 0, 0]
[26, 30, 32, 0, 0, 0, 0, 0, 0, 0, 0, 0, 0, 0, 0]
[26, 5, 31, 17, 32, 0, 0, 0, 0, 0, 0, 0, 0, 0, 0]
[26, 31, 13, 9, 32, 0, 0, 0, 0, 0, 0, 0, 0, 0, 0]
[5, 19, 3, 13, 17, 5, 19, 0, 0, 0, 0, 0, 0, 0, 0]
[4, 5, 26, 17, 5, 32, 0, 0, 0, 0, 0, 0, 0, 0, 0]
[4, 5, 24, 7, 4, 17, 5, 4, 32, 0, 0, 0, 0, 0, 0]
[24, 4, 8, 19, 31, 29, 0, 0, 0, 0, 0, 0, 0, 0, 0]
[23, 5, 13, 5, 32, 32, 2, 17, 29, 0, 0, 0, 0, 0, 0]
[4, 5, 23, 19, 5, 4, 23, 11, 0, 0, 0, 0, 0, 0, 0]
[2, 23, 32, 5, 4, 17, 5, 19, 0, 0, 0, 0, 0, 0, 0]
[24, 3, 31, 31, 2, 23, 11, 0, 0, 0, 0, 0, 0, 0, 0]
[26, 32, 5, 23, 28, 5, 0, 0, 0, 0, 0, 0, 0, 0, 0]
[7, 26, 5, 32, 2, 17, 29, 0, 0, 0, 0, 0, 0, 0, 0]
[13, 3, 4, 27, 5, 32, 0, 0, 0, 0, 0, 0, 0, 0, 0]
[32, 3, 26, 3, 4, 26, 23, 0, 0, 0, 0, 0, 0, 0, 0]
[17, 8, 4, 23, 11, 0, 0, 0, 0, 0, 0, 0, 0, 0, 0]
[27, 5, 4, 17, 5, 15, 0, 0, 0, 0, 0, 0, 0, 0, 0]
[33, 5, 24, 17, 2, 17, 2, 32, 0, 0, 0, 0, 0, 0, 0]
[23, 17, 2, 7, 23, 31, 31, 29, 0, 0, 0, 0, 0, 0, 0]
[17, 7, 28, 17, 7, 0, 0, 0, 0, 0, 0, 0, 0, 0, 0]
[3, 1, 17, 5, 4, 24, 4, 7, 25, 0, 0, 0, 0, 0, 0]
[5, 15, 24, 2, 4, 5, 19, 0, 0, 0, 0, 0, 0, 0, 0]
[17, 30, 27, 5, 31, 32, 0, 0, 0, 0, 0, 0, 0, 0, 0]
[25, 31, 3, 32, 0, 0, 0, 0, 0, 0, 0, 0, 0, 0, 0]
[3, 6, 27, 5, 4, 0, 0, 0, 0, 0, 0, 0, 0, 0, 0]
[24, 31, 5, 0, 0, 0, 0, 0, 0, 0, 0, 0, 0, 0, 0]
[32, 13, 31, 5, 0, 0, 0, 0, 0, 0, 0, 0, 0, 0, 0]
[32, 13, 31, 5, 32, 0, 0, 0, 0, 0, 0, 0, 0, 0, 0]
[32, 13, 23, 0, 0, 0, 0, 0, 0, 0, 0, 0, 0, 0, 0]
[32, 13, 23, 23, 5, 4, 0, 0, 0, 0, 0, 0, 0, 0, 0]
[32, 24, 5, 13, 2, 1, 31, 17, 2, 5, 32, 0, 0, 0, 0]
[33, 3, 28, 23, 2, 17, 4, 1, 23, 0, 0, 0, 0, 0, 0]
[2, 23, 27, 2, 17, 17, 2, 7, 23, 32, 0, 0, 0, 0, 0]
[25, 3, 23, 13, 17, 2, 7, 23, 2, 23, 11, 0, 0, 0, 0]
[19, 5, 31, 2, 12, 17, 0, 0, 0, 0, 0, 0, 0, 0, 0]
[32, 3, 4, 27, 2, 27, 7, 4, 0, 0, 0, 0, 0, 0, 0]
[5, 13, 7, 23, 7, 28, 2, 5, 32, 0, 0, 0, 0, 0, 0]
[26, 13, 17, 5, 4, 1, 31, 0, 0, 0, 0, 0, 0, 0, 0]
[28, 7, 32, 5, 32, 0, 0, 0, 0, 0, 0, 0, 0, 0, 0]
[13, 8, 23, 17, 5, 19, 0, 0, 0, 0, 0, 0, 0, 0, 0]
[3, 23, 19, 5, 4, 17, 9, 5, 0, 0, 0, 0, 0, 0, 0]
[19, 5, 13, 31, 4, 5, 0, 0, 0, 0, 0, 0, 0, 0, 0]
[13, 7, 23, 17, 2, 23, 3, 8, 32, 31, 29, 0, 0, 0, 0]
[27, 1, 31, 27, 5, 32, 0, 0, 0, 0, 0, 0, 0, 0, 0]
[11, 24, 32, 0, 0, 0, 0, 0, 0, 0, 0, 0, 0, 0, 0]
[2, 28, 24, 2, 4, 5, 19, 0, 0, 0, 0, 0, 0, 0, 0]
[1, 14, 2, 5, 27, 5, 28, 5, 23, 17, 32, 0, 0, 0, 0]
[31, 2, 9, 5, 3, 2, 32, 5, 0, 0, 0, 0, 0, 0, 0]
[26, 23, 23, 0, 0, 0, 0, 0, 0, 0, 0, 0, 0, 0, 0]
[2, 23, 17, 4, 7, 19, 3, 13, 17, 7, 4, 29, 0, 0, 0]
[13, 9, 5, 32, 0, 0, 0, 0, 0, 0, 0, 0, 0, 0, 0]
[4, 5, 32, 5, 4, 27, 6, 4, 0, 0, 0, 0, 0, 0, 0]
[7, 13, 13, 3, 4, 4, 5, 23, 13, 5, 0, 0, 0, 0, 0]
[2, 19, 7, 31, 0, 0, 0, 0, 0, 0, 0, 0, 0, 0, 0]
[28, 2, 15, 5, 4, 0, 0, 0, 0, 0, 0, 0, 0, 0, 0]
[4, 5, 28, 2, 23, 19, 0, 0, 0, 0, 0, 0, 0, 0, 0]
[19, 5, 28, 7, 11, 30, 25, 2, 13, 0, 0, 0, 0, 0, 0]
[14, 4, 28, 2, 23, 11, 0, 0, 0, 0, 0, 0, 0, 0, 0]
[17, 7, 18, 0, 0, 0, 0, 0, 0, 0, 0, 0, 0, 0, 0]
[19, 2, 32, 13, 2, 24, 31, 2, 23, 4, 29, 0, 0, 0, 0]
[1, 23, 23, 7, 29, 2, 23, 11, 0, 0, 0, 0, 0, 0, 0]
[4, 5, 32, 24, 5, 13, 17, 5, 19, 0, 0, 0, 0, 0, 0]
[32, 17, 29, 32, 0, 0, 0, 0, 0, 0, 0, 0, 0, 0, 0]
[19, 2, 32, 13, 31, 7, 32, 5, 0, 0, 0, 0, 0, 0, 0]
[1, 25, 25, 6, 4, 0, 0, 0, 0, 0, 0, 0, 0, 0, 0]
[19, 4, 7, 27, 5, 0, 0, 0, 0, 0, 0, 0, 0, 0, 0]
[3, 1, 32, 5, 4, 0, 0, 0, 0, 0, 0, 0, 0, 0, 0]
[3, 24, 32, 5, 17, 0, 0, 0, 0, 0, 0, 0, 0, 0, 0]
[4, 5, 32, 17, 4, 13, 17, 0, 0, 0, 0, 0, 0, 0, 0]
[26, 5, 32, 2, 19, 5, 0, 0, 0, 0, 0, 0, 0, 0, 0]
[28, 2, 23, 5, 32, 0, 0, 0, 0, 0, 0, 0, 0, 0, 0]
[24, 7, 4, 17, 30, 2, 17, 32, 0, 0, 0, 0, 0, 0, 0]
[4, 5, 26, 8, 23, 19, 0, 0, 0, 0, 0, 0, 0, 0, 0]
[28, 5, 23, 17, 7, 4, 0, 0, 0, 0, 0, 0, 0, 0, 0]
[2, 23, 17, 5, 4, 24, 4, 5, 17, 5, 19, 0, 0, 0, 0]
[5, 27, 1, 31, 3, 1, 17, 2, 7, 23, 32, 0, 0, 0, 0]
[25, 8, 12, 17, 0, 0, 0, 0, 0, 0, 0, 0, 0, 0, 0]
[5, 31, 2, 28, 2, 23, 17, 2, 7, 23, 0, 0, 0, 0, 0]
[28, 5, 17, 4, 5, 32, 0, 0, 0, 0, 0, 0, 0, 0, 0]
[33, 29, 24, 7, 18, 5, 17, 2, 13, 31, 0, 0, 0, 0, 0]
[2, 28, 28, 2, 11, 30, 23, 17, 32, 0, 0, 0, 0, 0, 0]
[13, 7, 28, 24, 31, 2, 28, 5, 23, 17, 4, 29, 0, 0, 0]
[33, 5, 31, 2, 13, 7, 24, 17, 5, 4, 0, 0, 0, 0, 0]
[24, 5, 23, 13, 2, 31, 0, 0, 0, 0, 0, 0, 0, 0, 0]
[25, 4, 2, 15, 5, 0, 0, 0, 0, 0, 0, 0, 0, 0, 0]
[24, 5, 4, 25, 7, 4, 28, 5, 4, 0, 0, 0, 0, 0, 0]
[17, 2, 17, 31, 5, 19, 0, 0, 0, 0, 0, 0, 0, 0, 0]
[13, 7, 28, 28, 2, 32, 32, 2, 7, 23, 32, 0, 0, 0, 0]
[32, 25, 5, 4, 5, 0, 0, 0, 0, 0, 0, 0, 0, 0, 0]
[28, 7, 32, 32, 0, 0, 0, 0, 0, 0, 0, 0, 0, 0, 0]
[30, 17, 2, 7, 32, 0, 0, 0, 0, 0, 0, 0, 0, 0, 0]
[13, 7, 23, 13, 7, 4, 19, 0, 0, 0, 0, 0, 0, 0, 0]
[11, 30, 19, 3, 1, 17, 5, 19, 0, 0, 0, 0, 0, 0, 0]
[5, 23, 19, 7, 4, 32, 5, 19, 0, 0, 0, 0, 0, 0, 0]
[32, 3, 4, 24, 4, 32, 2, 23, 11, 0, 0, 0, 0, 0, 0]
[3, 1, 31, 23, 3, 17, 0, 0, 0, 0, 0, 0, 0, 0, 0]
[31, 23, 13, 5, 0, 0, 0, 0, 0, 0, 0, 0, 0, 0, 0]
[31, 19, 19, 5, 4, 0, 0, 0, 0, 0, 0, 0, 0, 0, 0]
[3, 23, 23, 5, 13, 5, 32, 32, 4, 29, 0, 0, 0, 0, 0]
[19, 30, 28, 17, 2, 13, 31, 31, 29, 0, 0, 0, 0, 0, 0]
[13, 7, 4, 9, 0, 0, 0, 0, 0, 0, 0, 0, 0, 0, 0]
[28, 15, 2, 28, 2, 15, 5, 0, 0, 0, 0, 0, 0, 0, 0]
[32, 5, 23, 17, 7, 4, 32, 0, 0, 0, 0, 0, 0, 0, 0]
[3, 7, 4, 9, 8, 17, 0, 0, 0, 0, 0, 0, 0, 0, 0]
[26, 31, 2, 19, 2, 23, 11, 0, 0, 0, 0, 0, 0, 0, 0]
[13, 7, 31, 7, 23, 0, 0, 0, 0, 0, 0, 0, 0, 0, 0]
[31, 2, 9, 5, 31, 2, 33, 7, 19, 0, 0, 0, 0, 0, 0]
[31, 23, 5, 32, 0, 0, 0, 0, 0, 0, 0, 0, 0, 0, 0]
[24, 3, 4, 32, 5, 0, 0, 0, 0, 0, 0, 0, 0, 0, 0]
[25, 3, 23, 19, 28, 5, 23, 17, 31, 32, 0, 0, 0, 0, 0]
[13, 7, 23, 17, 28, 2, 23, 17, 2, 7, 23, 0, 0, 0, 0]
[5, 23, 19, 23, 11, 5, 4, 5, 19, 0, 0, 0, 0, 0, 0]
[13, 7, 28, 24, 4, 7, 28, 2, 32, 5, 0, 0, 0, 0, 0]
[28, 32, 17, 3, 4, 26, 17, 2, 7, 23, 0, 0, 0, 0, 0]
[7, 24, 17, 2, 28, 2, 15, 5, 0, 0, 0, 0, 0, 0, 0]
[32, 17, 17, 2, 23, 11, 0, 0, 0, 0, 0, 0, 0, 0, 0]
[19, 7, 28, 5, 0, 0, 0, 0, 0, 0, 0, 0, 0, 0, 0]
[5, 15, 24, 2, 30, 17, 2, 7, 23, 0, 0, 0, 0, 0, 0]
[23, 28, 5, 32, 24, 13, 5, 0, 0, 0, 0, 0, 0, 0, 0]
[1, 31, 2, 11, 23, 0, 0, 0, 0, 0, 0, 0, 0, 0, 0]
[24, 5, 4, 25, 5, 30, 31, 0, 0, 0, 0, 0, 0, 0, 0]
[26, 31, 5, 32, 32, 0, 0, 0, 0, 0, 0, 0, 0, 0, 0]
[5, 23, 11, 11, 2, 23, 11, 0, 0, 0, 0, 0, 0, 0, 0]
[23, 5, 11, 7, 17, 2, 1, 17, 2, 7, 23, 0, 0, 0, 0]
[13, 4, 5, 32, 17, 0, 0, 0, 0, 0, 0, 0, 0, 0, 0]
[7, 24, 24, 7, 23, 5, 23, 17, 32, 0, 0, 0, 0, 0, 0]
[17, 4, 3, 28, 25, 0, 0, 0, 0, 0, 0, 0, 0, 0, 0]
[23, 7, 28, 2, 23, 17, 5, 19, 0, 0, 0, 0, 0, 0, 0]
[5, 31, 5, 13, 17, 7, 30, 31, 0, 0, 0, 0, 0, 0, 0]
[14, 23, 11, 5, 31, 7, 11, 0, 0, 0, 0, 0, 0, 0, 0]
[3, 5, 31, 19, 2, 23, 11, 0, 0, 0, 0, 0, 0, 0, 0]
[17, 4, 3, 13, 9, 32, 0, 0, 0, 0, 0, 0, 0, 0, 0]
[17, 4, 3, 5, 0, 0, 0, 0, 0, 0, 0, 0, 0, 0, 0]
[19, 5, 25, 5, 4, 4, 5, 19, 0, 0, 0, 0, 0, 0, 0]
[1, 31, 17, 5, 4, 23, 17, 2, 27, 5, 31, 29, 0, 0, 0]
[33, 2, 31, 0, 0, 0, 0, 0, 0, 0, 0, 0, 0, 0, 0]
[1, 31, 31, 7, 29, 0, 0, 0, 0, 0, 0, 0, 0, 0, 0]
[24, 31, 7, 17, 32, 0, 0, 0, 0, 0, 0, 0, 0, 0, 0]
[17, 29, 24, 5, 32, 0, 0, 0, 0, 0, 0, 0, 0, 0, 0]
[17, 29, 24, 2, 13, 31, 0, 0, 0, 0, 0, 0, 0, 0, 0]
[17, 29, 24, 2, 13, 31, 31, 29, 0, 0, 0, 0, 0, 0, 0]
[24, 7, 31, 2, 32, 5, 19, 0, 0, 0, 0, 0, 0, 0, 0]
[11, 5, 23, 17, 31, 29, 0, 0, 0, 0, 0, 0, 0, 0, 0]
[31, 7, 13, 9, 2, 23, 11, 0, 0, 0, 0, 0, 0, 0, 0]
[13, 7, 23, 17, 4, 7, 27, 5, 4, 32, 2, 1, 31, 0, 0]
[19, 30, 3, 32, 0, 0, 0, 0, 0, 0, 0, 0, 0, 0, 0]
[25, 4, 19, 11, 5, 0, 0, 0, 0, 0, 0, 0, 0, 0, 0]
[3, 23, 19, 5, 4, 32, 17, 7, 19, 0, 0, 0, 0, 0, 0]
[3, 23, 19, 5, 4, 3, 5, 1, 4, 0, 0, 0, 0, 0, 0]
[3, 23, 5, 28, 24, 31, 7, 29, 28, 5, 23, 17, 0, 0, 0]
[4, 5, 32, 5, 1, 4, 14, 0, 0, 0, 0, 0, 0, 0, 0]
[4, 5, 32, 5, 1, 4, 14, 5, 4, 32, 0, 0, 0, 0, 0]
[4, 5, 32, 5, 4, 27, 1, 17, 2, 7, 23, 0, 0, 0, 0]
[4, 5, 32, 5, 4, 27, 1, 17, 2, 7, 23, 32, 0, 0, 0]
[4, 5, 32, 5, 4, 27, 5, 0, 0, 0, 0, 0, 0, 0, 0]
[4, 5, 32, 5, 4, 27, 5, 19, 0, 0, 0, 0, 0, 0, 0]
[26, 31, 23, 9, 5, 17, 0, 0, 0, 0, 0, 0, 0, 0, 0]
[3, 24, 11, 30, 19, 5, 0, 0, 0, 0, 0, 0, 0, 0, 0]
[3, 24, 11, 30, 19, 5, 32, 0, 0, 0, 0, 0, 0, 0, 0]
[26, 31, 7, 28, 0, 0, 0, 0, 0, 0, 0, 0, 0, 0, 0]
[4, 5, 13, 7, 28, 28, 5, 23, 19, 32, 0, 0, 0, 0, 0]
[4, 5, 13, 7, 4, 19, 0, 0, 0, 0, 0, 0, 0, 0, 0]
[4, 5, 13, 7, 4, 19, 5, 19, 0, 0, 0, 0, 0, 0, 0]
[4, 5, 13, 7, 4, 19, 5, 4, 0, 0, 0, 0, 0, 0, 0]
[4, 5, 13, 7, 4, 19, 2, 23, 11, 0, 0, 0, 0, 0, 0]
[4, 5, 13, 7, 4, 19, 2, 23, 11, 32, 0, 0, 0, 0, 0]
[4, 5, 13, 7, 4, 19, 32, 0, 0, 0, 0, 0, 0, 0, 0]
[4, 5, 13, 7, 27, 5, 4, 5, 19, 0, 0, 0, 0, 0, 0]
[15, 3, 32, 17, 2, 25, 29, 0, 0, 0, 0, 0, 0, 0, 0]
[3, 32, 5, 4, 23, 28, 5, 0, 0, 0, 0, 0, 0, 0, 0]
[3, 32, 5, 4, 32, 0, 0, 0, 0, 0, 0, 0, 0, 0, 0]
[3, 32, 5, 32, 0, 0, 0, 0, 0, 0, 0, 0, 0, 0, 0]
[30, 2, 32, 5, 19, 0, 0, 0, 0, 0, 0, 0, 0, 0, 0]
[30, 2, 32, 2, 23, 11, 0, 0, 0, 0, 0, 0, 0, 0, 0]
[30, 31, 31, 29, 0, 0, 0, 0, 0, 0, 0, 0, 0, 0, 0]
[30, 23, 0, 0, 0, 0, 0, 0, 0, 0, 0, 0, 0, 0, 0]
